38.367606
39.368025
40.368372
41.368571
42.368879
43.369239
44.369582
45.369980
46.370341
47.370623
48.370998
49.371301
50.371636
51.371955
52.372268
53.372479
54.372764
55.373086
56.373424
57.373790
58.374122
59.374489
00.374844
01.375200
02.375605
03.375956
04.376307
05.376627
06.376903
07.377248
08.377585
09.377962
10.378307
11.378691
12.379068
13.379404
14.379752
15.380017
16.380375
17.380709
18.381042
19.381393
20.381750
21.382064
22.382351
23.382634
24.382966
25.383233
26.383561
27.383940
28.384413
29.384777
30.385059
31.385427
32.385708
33.386028
34.386369
35.386681
36.386969
37.387214
38.387555
39.387910
40.388153
41.388438
42.388704
43.389033
44.389286
45.389544
46.389846
47.390107
48.390345
49.390593
50.390866
51.391193
52.391452
53.391758
54.392009
55.392265
56.392530
57.392773
58.393071
59.393350
00.393602
01.393874
02.394086
03.394248
04.394507
05.394791
06.394977
07.395275
08.395560
09.395836
10.396176
11.396493
12.396837
13.397194
14.397563
15.397897
16.398210
17.398574
18.398934
19.399326
20.399656
21.399963
22.400236
23.400574
24.400930
25.401300
26.401635
27.401910
28.402237
29.402542
30.402830
31.403114
32.403359
33.403799
34.404133
35.404427
36.404673
37.404992
38.405287
39.405502
40.405773
41.406076
42.406327
43.406575
44.406806
45.407130
46.407472
47.407797
48.408123
49.408414
50.408733
51.409118
52.409506
53.409844
54.410208
55.410610
56.410973
57.411338
58.411773
59.412158
00.412553
01.412932
02.413257
03.413479
04.413803
05.414124
06.414480
07.414840
08.415194
09.415421
10.415763
11.416001
12.416342
13.416690
14.416968
15.417202
16.417548
17.417871
18.418204
19.418543
20.418869
21.419170
22.419558
23.419863
24.420161
25.420465
26.420783
27.421104
28.421430
29.421785
30.422147
31.422464
32.422758
33.423069
34.423327
35.423616
36.423819
37.424057
38.424312
39.424637
40.425018
41.425282
42.425595
43.425947
44.426269
45.426550
46.426797
47.427102
48.427433
49.427792
50.428089
51.428432
52.428785
53.428993
54.429194
55.429523
56.429872
57.430164
58.430444
59.430670
00.430986
01.431283
02.431593
03.431892
04.432188
05.432471
06.432774
07.433052
08.433337
09.433615
10.433936
11.434225
12.434526
13.434798
14.434982
15.435260
16.435531
17.435781
18.436050
19.436382
20.436723
21.437081
22.437424
23.437744
24.438121
25.438473
26.438781
27.439134
28.439496
29.439838
30.440158
31.440473
32.440802
33.441138
34.441452
35.441735
36.442033
37.442324
38.442616
39.442935
40.443315
41.443653
42.444036
43.444404
44.444751
45.445110
46.445468
47.445785
48.446125
49.446454
50.446745
51.447112
52.447463
53.447754
54.448077
55.448438
56.448729
57.449044
58.449400
59.449749
00.450104
01.450467
02.450796
03.451157
04.451513
05.451875
06.452216
07.452500
08.452865
09.453158
10.453482
11.453794
12.454089
13.454468
14.454786
15.455086
16.455440
17.455826
18.456174
19.456460
20.456744
21.457088
22.457443
23.457798
24.458185
25.458590
26.458957
27.459258
28.459597
29.459843
30.460127
31.460502
32.460852
33.461236
34.461542
35.461837
36.462165
37.462522

