26.412148448
27.436237603
38.368169069
39.368379946
40.368647507
41.368735572
42.369185427
43.369633940
44.332268138
44.332311231
44.369946491
45.370479149
46.370725566
47.370952732
48.371359158
49.371563372
50.372053742
51.372135017
52.372600917
53.372630056
54.373078568
55.373422366
56.373743713
57.374090969
58.374408882
59.374850294
00.375157691
01.375532083
02.376141832
03.376296181
04.376641186
05.376944001
06.377222301
07.377550385
08.377882277
09.378292670
10.378770747
11.379108481
12.379400279
13.379777438
14.379987735
15.380284404
16.380747835
17.100253094
17.380992482
18.381352230
19.381799612
20.382196723
21.196431110
21.382360857
22.382574822
23.382965261
24.383284255
25.383575319
26.383953530
27.384342648
28.384742847
29.385045583
30.385378924
31.385892516
32.385950002
33.386393066
34.386682035
35.387054003
36.387173136
37.387439943
38.387948589
39.388285920
40.388308540
41.388817359
42.388869360
43.389452779
44.389527929
45.389795922
46.390126924
47.390461147
48.390488761
49.390920008
50.391170588
51.391501282
52.391598599
53.392044484
54.392159607
55.392596049
56.392696816
57.393226955
58.393217337
59.393711216
00.393827500
01.394201310
02.394234326
03.394435225
04.394729295
05.395144612
06.395080718
07.395664940
08.395922896
09.396175131
10.396560305
11.396871650
12.397188874
13.397554694
14.397902255
15.398184863
16.398648868
17.398981629
18.399332882
19.399784268
20.399944673
20.588030296
21.400228677
22.400527348
23.400866780
24.401291492
25.401698316
26.401892908
27.402156898
28.402613048
29.402832619
30.403078969
31.403346191
32.403573165
33.404126454
34.404401145
34.924316081
35.404679084
36.404887325
37.405305267
38.405506179
39.405655249
40.406086603
41.406372031
42.406555783
43.406853318
44.407032706
45.407475046
46.407969610
47.408051783
48.408519005
49.408788065
50.409012409
51.409551490
52.409866110
53.410141299
54.410540864
55.410970361
56.411323221
57.411843256
58.412088292
59.412523479
00.412962068
01.413339903
02.413594699
03.413808261
04.414148573
05.414447926
06.414881191
07.415176085
08.415580173
09.415584709
10.416017549
11.416199434
12.416711231
13.417044783
14.417186243
15.417404238
16.417836348
17.418190183
18.418584454
19.418937000
20.419141202
21.419516639
22.419925816
23.420127486
24.420450296
25.420802796
26.421062472
27.421439127
28.421774115
29.422163436
30.422578002
31.422824545
32.423022169
33.423364815
34.423568809
35.423919924
36.423978706
37.424344207
38.424555284
39.425128403
40.425612560
41.425545202
42.425923488
43.426310390
44.426603750
45.426791404
46.427090160
47.427376039
48.427914162
49.428127594
50.428414783
51.428742093
52.429137272
53.429152052
54.429458951
55.429924570
56.430307754
57.430375952
58.430653536
59.430865738
00.431369563
01.431511901
02.431974474
03.432121395
04.432521264
05.432679806
06.433100418
07.433265152
08.433665404
09.433791709
10.434310929
11.434418491
12.434805437
13.435012042
14.435197442
15.435539707
16.435954639
17.435934442
18.436394516
19.436753481
20.437015061
21.437468739
22.437715758
23.438035944
24.438429135
25.438872481
25.516037540
26.439101458
27.439523604
28.440024737
29.440161258
30.440678193
31.440797639
32.441147753
33.441500615
34.441738744
35.442018628
36.442375062
37.442552448
38.442886356
39.443247873
40.443854689
41.444040576
42.444378870
43.444722786
44.445089757
45.445481532
46.445822412
47.446162860
48.446468671
49.446767382
50.447069344
51.447553320
52.447830459
53.447994842
54.448480635
55.448840234
56.449070332
57.449361299
58.449736536
59.450165903
00.450464995
01.450812812
02.451073967
03.451594062
04.452011345
05.452202372
06.452547614
06.476463009
07.452792347
08.453232628
09.453385838
10.453861268
11.454070023
12.454377292
13.454810456
14.455133876
15.455423996
16.455866095
17.456078495
18.456431516
19.456726918
20.457014989
21.457406896
22.457703208
23.458118514
24.458533700
25.458982335
26.459385294
27.459607552
28.459916800
29.460032744
30.460414344
31.460968827
32.461153678
33.461555593
34.461754239
35.462227633
36.462514212
37.462892655
