04.975506566
05.774024496
06.575264258
07.375940790
08.177143675
08.977295227
09.776627555
10.577550113
11.377769576
12.178500893
12.980015854
13.778067814
14.578994658
15.379717931
16.179093927
16.979373296
17.778487963
18.580541795
19.381161021
20.181276128
20.982066616
21.782417849
22.582340465
23.382615350
24.182513134
24.983508779
25.783847634
26.584998374
27.383145366
28.183147274
28.985152783
29.785658999
30.584919691
31.385907855
32.185954562
32.987938536
33.788322736
34.586016719
35.387056099
36.186295778
36.988094047
37.788056988
38.587998022
39.389336379
40.188736156
40.989178304
41.790123813
42.588506913
43.390703844
44.190388733
44.991387417
45.789796918
46.591025745
47.392061471
48.191168301
48.992854613
49.793208028
50.593822978
51.395110542
52.193432912
52.995109650
53.794731711
54.594789240
55.395490524
56.194946156
56.995962279
57.796710066
58.595909000
59.396867850
00.195712076
00.997524331
01.797910578
02.597859167
03.398504542
04.197816420
04.997718302
05.800827197
06.599337847
07.398061265
08.198262805
09.000566213
09.798788189
10.599079418
11.400799160
12.199589523
13.001380503
13.802369560
14.602092385
15.402997275
16.203279986
17.003118628
17.803920509
18.604372607
19.404865493
20.204982087
21.005378573
21.805879560
22.605180595
23.406383628
24.206721518
25.007006436
25.807383072
26.606154923
27.407921090
28.208381454
29.007570370
29.808957688
30.607801164
31.409541601
32.209101517
33.009626278
33.809489716
34.608713293
35.410668098
36.211179092
37.011588346
37.811769648
38.610201299
39.412686485
40.213121441
41.012706917
41.813689069
42.612367467
43.414266633
44.214052059
45.014297239
45.815035134
46.614706087
47.415223669
48.215936713
49.015594096
49.815772390
50.614917174
51.417527324
52.217552257
53.017440171
53.818335191
54.617734061
55.419913190
56.218345288
57.019203184
57.820013837
58.620396411
59.419101082
00.221397231
01.020411678
01.819464833
02.620085484
03.421362210
04.222314152
05.022625260
05.820761095
06.621086796
07.422757861
08.223611617
09.023152453
09.824212493
10.623928738
11.424988356
12.225273021
13.025262956
13.824399605
14.626405957
15.425788366
16.226425623
17.026811781
17.827495634
18.627997155
19.428147855
20.227716212
21.028525364
21.829329134
22.629713205
23.429187106
24.230086263
25.029124993
25.829436319
26.630860676
27.430715438
28.231248982
29.031750148
29.832586187
30.631918931
31.431610324
32.233128000
33.032472167
33.833933329
34.634301932
35.433799456
36.234964749
37.033689534
37.833508712
38.635228773
39.434536207
40.236124736
41.034446683
41.836462144
42.637255788
43.436415127
44.237436443
