04.975760
05.774115
06.575458
07.376162
08.177365
08.977640
09.776805
10.577801
11.377974
12.178709
12.980382
13.778246
14.579276
15.380055
16.179343
16.979570
17.778596
18.580865
19.381492
20.181547
20.982359
21.782687
22.582579
23.382876
24.182755
24.983844
25.784136
26.585276
27.383317
28.183296
28.985486
29.785928
30.585197
31.386157
32.186252
32.988294
33.788645
34.586248
35.387306
36.186453
36.988464
37.788385
38.588337
39.389612
40.188981
40.989399
41.790435
42.588647
43.391016
44.190631
44.991673
45.789926
46.591272
47.392479
48.191328
48.993215
49.793476
50.594055
51.395385
52.193640
52.995374
53.795049
54.595073
55.395762
56.195134
56.996359
57.797007
58.596185
59.397145
00.195856
00.997797
01.798211
02.598101
03.398801
04.198034
04.997882
05.801129
06.599604
07.398148
08.198389
09.000899
09.798888
10.599233
11.401057
12.199687
13.001632
13.802724
14.602351
15.403268
16.203574
17.003388
17.804201
18.604666
19.405131
20.205303
21.005674
21.806183
22.605397
23.406700
24.207068
25.007334
25.807663
26.606304
27.408325
28.208652
29.007815
29.809279
30.608039
31.409860
32.209322
33.009909
33.809715
34.608887
35.410970
36.211492
37.011908
37.812084
38.610328
39.412959
40.213411
41.012926
41.813985
42.612554
43.414560
44.214366
45.014570
45.815333
46.614925
47.415516
48.216212
49.015883
49.816004
50.615038
51.417816
52.217836
53.017708
53.818648
54.617960
55.420192
56.218590
57.019516
57.820357
58.620681
59.419249
00.221666
01.020647
01.819544
02.620303
03.421597
04.222675
05.022849
05.820867
06.621177
07.423031
08.223924
09.023430
09.824506
10.624169
11.425284
12.225546
13.025547
13.824576
14.626686
15.426008
16.226666
17.027097
17.827766
18.628432
19.428524
20.227917
21.028795
21.829659
22.630028
23.429386
24.230442
25.029285
25.829598
26.631100
27.430948
28.231531
29.032050
29.832891
30.632146
31.431823
32.233389
33.032684
33.834301
34.634611
35.434066
36.235239
37.033841
37.833620
38.635523
39.434688
40.236517
41.034544
41.836714
42.637551
43.436599
44.237754
