38.640560
39.640843
40.641088
41.641336
42.641585
43.641831
44.642061
45.642301
46.642542
47.642785
48.643027
49.643267
50.643510
51.643812
52.644040
53.644285
54.644529
55.644686
56.644914
57.645155
58.645380
59.645612
00.645790
01.645989
02.646211
03.646441
04.646687
05.646924
06.647116
07.647305
08.647529
09.647731
10.647907
11.648115
12.648360
13.648589
14.648830
15.649066
16.649314
17.649478
18.649718
19.649956
20.650201
21.650434
22.650683
23.650919
24.651167
25.651398
26.651643
27.651944
28.652187
29.652418
30.652634
31.652839
32.653076
33.653273
34.653514
35.653727
36.653970
37.654170
38.654411
39.654620
40.654813
41.655001
42.655240
43.655420
44.655657
45.655852
46.656070
47.656254
48.656492
49.656672
50.656909
51.657090
52.657311
53.657490
54.657723
55.657902
56.658134
57.658312
58.658529
59.658709
00.658925
01.659038
02.659272
03.659449
04.659677
05.659857
06.660041
07.660213
08.660436
09.660613
10.660800
11.661024
12.661259
13.661459
14.661699
15.661946
16.662180
17.662422
18.662672
19.662921
20.663170
21.663414
22.663664
23.663934
24.664185
25.664434
26.664686
27.664934
28.665183
29.665428
30.665680
31.665930
32.666171
33.666416
34.666669
35.666914
36.667141
37.667356
38.667600
39.667848
40.668079
41.668321
42.668568
43.668766
44.669002
45.669227
46.669466
47.669646
48.669852
49.670094
50.670345
51.670590
52.670815
53.671057
54.671295
55.671537
56.671762
57.672005
58.672228
59.672470
00.672693
01.672898
02.673158
03.673402
04.673634
05.673856
06.674059
07.674299
08.674523
09.674700
10.674880
11.675086
12.675290
13.675531
14.675780
15.675990
16.676202
17.676433
18.676627
19.676865
20.677045
21.677278
22.677496
23.677733
24.677946
25.678184
26.678424
27.678602
28.678818
29.679057
30.679289
31.679529
32.679740
33.679944
34.680177
35.680416
36.680596
37.680840
38.681069
39.681313
40.681526
41.681767
42.681973
43.682208
44.682421
45.682660
46.682915
47.683123
48.683301
49.683533
50.683737
51.683978
52.684169
53.684403
54.684618
55.684860
56.685048
57.685272
58.685456
59.685688
00.685876
01.686099
02.686280
03.686505
04.686692
05.686862
06.687035
07.687259
08.687443
09.687693
10.687934
11.688158
12.688343
13.688568
14.688751
15.688970
16.689155
17.689364
18.689521
19.689754
20.689941
21.690110
22.690357
23.690607
24.690860
25.691108
26.691382
27.691627
28.691881
29.692117
30.692369
31.692623
32.692899
33.693137
34.693386
35.693636
36.693894
37.694145
38.694401
39.694625
40.694874
41.695125
42.695381
43.695631
44.695883
45.696128
46.696382
47.696630
48.696872
49.697109
50.697356
51.697593
52.697845
53.698073
54.698322
55.698551
56.698801
57.699039
58.699260
59.699503
00.699755
01.700000
02.700270
03.700499
04.700751
05.701004
06.701237
07.701480
08.701710
09.701957
10.702141
11.702378
12.702626
13.702789
14.702999
15.703212
16.703431
17.703665
18.703897
19.704141
20.704388
21.704630
22.704880
23.705099
24.705343
25.705591
26.705837
27.706079
28.706329
29.706574
30.706820
31.707001
32.707221
33.707462
34.707805
35.708030
36.708275
37.708520
