38.640792
39.640854
40.641102
41.641349
42.641599
43.641842
44.642072
45.642314
46.642556
47.642798
48.643039
49.643279
50.643524
51.643831
52.644053
53.644299
54.644543
55.644697
56.644925
57.645168
58.645390
59.645624
00.645802
01.646001
02.646221
03.646452
04.646701
05.646935
06.647124
07.647312
08.647540
09.647740
10.647913
11.648125
12.648374
13.648600
14.648844
15.649078
16.649329
17.649488
18.649733
19.649968
20.650214
21.650446
22.650698
23.650931
24.651182
25.651409
26.651657
27.651953
28.652201
29.652428
30.652645
31.652848
32.653088
33.653280
34.653528
35.653736
36.653983
37.654178
38.654425
39.654629
40.654821
41.655009
42.655253
43.655427
44.655682
45.655859
46.656085
47.656261
48.656505
49.656679
50.656924
51.657097
52.657323
53.657496
54.657735
55.657908
56.658145
57.658318
58.658539
59.658715
00.658936
01.659045
02.659284
03.659455
04.659688
05.659863
06.660048
07.660219
08.660447
09.660620
10.660808
11.661036
12.661270
13.661469
14.661711
15.661959
16.662191
17.662434
18.662684
19.662934
20.663183
21.663428
22.663694
23.663948
24.664197
25.664447
26.664700
27.664948
28.665195
29.665442
30.665694
31.665944
32.666182
33.666429
34.666681
35.666926
36.667151
37.667366
38.667612
39.667862
40.668090
41.668333
42.668580
43.668774
44.669014
45.669238
46.669478
47.669653
48.669862
49.670107
50.670359
51.670604
52.670825
53.671071
54.671306
55.671550
56.671772
57.672018
58.672239
59.672484
00.672704
01.672907
02.673171
03.673415
04.673644
05.673867
06.674068
07.674313
08.674534
09.674707
10.674891
11.675096
12.675300
13.675546
14.675794
15.676004
16.676212
17.676445
18.676638
19.676878
20.677052
21.677290
22.677506
23.677747
24.677955
25.678198
26.678435
27.678608
28.678829
29.679070
30.679300
31.679542
32.679749
33.679957
34.680188
35.680428
36.680606
37.680853
38.681080
39.681327
40.681534
41.681780
42.681980
43.682221
44.682430
45.682674
46.682928
47.683131
48.683307
49.683545
50.683745
51.683992
52.684175
53.684415
54.684628
55.684874
56.685054
57.685283
58.685462
59.685700
00.685882
01.686110
02.686287
03.686517
04.686698
05.686868
06.687042
07.687270
08.687449
09.687705
10.687940
11.688169
12.688349
13.688580
14.688757
15.688981
16.689161
17.689374
18.689527
19.689766
20.689947
21.690116
22.690369
23.690619
24.690874
25.691120
26.691396
27.691639
28.691894
29.692129
30.692384
31.692637
32.692914
33.693150
34.693400
35.693651
36.693908
37.694159
38.694416
39.694635
40.694888
41.695139
42.695394
43.695644
44.695895
45.696142
46.696396
47.696642
48.696884
49.697120
50.697370
51.697605
52.697858
53.698084
54.698335
55.698562
56.698815
57.699050
58.699270
59.699515
00.699767
01.700012
02.700283
03.700509
04.700764
05.701018
06.701248
07.701492
08.701721
09.701970
10.702148
11.702390
12.702639
13.702798
14.703013
15.703226
16.703444
17.703688
18.703910
19.704154
20.704400
21.704644
22.704893
23.705109
24.705356
25.705605
26.705849
27.706093
28.706343
29.706585
30.706834
31.707011
32.707232
33.707475
34.707818
35.708042
36.708289
37.708533
