42.322419
42.323066
42.323681
42.324314
42.324921
42.325554
42.326182
42.326798
42.327407
42.328012
42.328618
42.329252
42.329890
42.330530
42.331143
42.331778
42.332364
42.332999
42.333617
42.334236
42.334859
42.335516
42.336166
42.336786
42.337430
42.338079
42.338730
42.339380
42.340029
42.340651
42.341296
42.341945
42.342595
42.343243
42.343893
42.344517
42.345163
42.345814
42.346452
42.347104
42.347757
42.348382
42.349033
42.349684
42.350326
42.350983
42.351636
42.352290
42.352943
42.353595
42.354247
42.354898
42.355550
42.356201
42.356898
42.357548
42.358200
42.358852
42.359503
42.360141
42.360753
42.361371
42.361957
42.362566
42.363155
42.363769
42.364353
42.364963
42.365580
42.366198
42.366833
42.367448
42.368044
42.368633
42.369219
42.369800
42.370383
42.370963
42.371542
42.372122
42.372717
42.373346
42.373981
42.374616
42.375252
42.375886
42.376476
42.377070
42.377663
42.378254
42.378856
42.379479
42.380101
42.380685
42.381295
42.381907
42.382504
42.383101
42.383694
42.384910
42.385481
42.386059
42.386647
42.387224
42.387802
42.388364
42.388955
42.389532
42.390127
42.390723
42.391307
42.391933
42.392532
42.393142
42.393755
42.394368
42.394981
42.395590
42.396204
42.396819
42.397432
42.398052
42.398664
42.399276
42.399889
42.400502
42.401122
42.401743
42.402367
42.402989
42.403612
42.404260
42.404883
42.405506
42.406128
42.406752
42.407374
42.407997
42.408622
42.409244
42.409868
42.410490
42.411113
42.411738
42.412372
42.412999
42.413623
42.414249
42.414880
42.415511
42.416142
42.416774
42.417407
42.418039
42.418669
42.419302
42.419934
42.420567
42.421199
42.421832
42.422465
42.423098
42.423730
42.424332
42.424954
42.425586
42.426203
42.426816
42.427429
42.428042
42.428654
42.429267
42.429879
42.430492
42.431105
42.431717
42.432323
42.432937
42.433549
42.434162
42.434774
42.435387
42.436000
42.436613
42.437226
42.437838
42.438451
42.439060
42.439672
42.440277
42.440895
42.441508
42.442121
42.442733
42.443332
42.443946
42.444559
42.445171
42.445784
42.446396
42.447010
42.447622
42.448239
42.448854
42.449464
42.450077
42.450689
42.451301
42.451914
42.452527
42.453141
42.453755
42.454367
42.454983
42.455595
42.456249
42.456880
42.457511
42.458144
42.458775
42.459393
42.460025
42.460658
42.461289
42.461920
42.462552
42.463183
42.463815
42.464469
42.465104
42.465739
42.466375
42.467012
42.467647
42.468286
42.468921
42.469556
42.470191
42.470827
42.471463
42.472099
42.472736
42.473371
42.474008
42.474647
42.475291
42.475927
42.476549
42.477184
42.477820
42.478456
42.479091
42.479728
42.480365
42.481000
42.481636
42.482272
42.482882
42.483502
42.484122
42.484732
42.485314
42.485888
42.486481
42.487077
42.487667
42.488276
42.488871
42.489448
42.490020
42.490592
42.491164
42.491735
42.492336
42.492892
42.493537
42.494164
42.494778
42.495404
42.496002
42.496641
42.497251
42.497850
42.498448
42.499043
42.499635
42.500235
42.500823
42.501411
42.501998
42.502603
42.503214
42.503827
42.504441
42.505056
42.505670
42.506272
42.506858
42.507441
42.508024
42.508616
42.509209
42.509801
42.510410
42.511021
42.511633
42.512248
42.512860
42.513471
42.514085
42.514696
42.515308
42.515919
42.516518
42.517127
42.517739
42.518351
42.518963
42.519575
42.520187
42.520799
42.521410
42.522022
42.522634
42.523245
42.523857
42.524455
42.525065
42.525678
42.526290
42.526909
42.527521
42.528138
42.528751
42.529364
42.529977
42.530589
42.531168
42.531780
42.532388
42.532986
42.533558
42.534156
42.534750
42.535343
42.535952
42.536566
42.537167
42.537777
42.538389
42.539002
42.539615
42.540245
42.540850
42.541467
42.542079
42.542691
42.543303
42.543915
42.544529
42.545141
42.545762
42.546391
42.547019
42.547650
42.548280
42.548910
42.549538
42.550169
42.550797
42.551426
42.552054
42.552683
42.553311
42.553939
42.554567
42.555196
42.555825
42.556456
42.557084
42.557712
42.558341
42.558969
42.559598
42.560253
42.560884
42.561512
42.562143
42.562775
42.563408
42.564039
42.564672
42.565304
42.565937
42.566570
42.567197
42.567836
42.568468
42.569100
42.569732
42.570364
42.570995
42.571628
42.572263
42.572895
42.573528
42.574159
42.574791
42.575423
42.576054
42.576687
42.577319
42.577950
42.578582
42.579214
42.579847
42.580482
42.581114
42.581746
42.582377
42.583008
42.583640
42.584283
42.584916
42.585547
42.586180
42.586801
42.587404
42.588011
42.588640
42.589259
42.589882
42.590504
42.591116
42.591726
42.592320
42.592930
42.593539
42.594170
42.594803
42.595436
42.596077
42.596711
42.597349
42.597966
42.598583
42.599200
42.599817
42.600412
42.601029
42.601646
42.602264
42.602881
42.603478
42.604082
42.604675
42.605253
42.605785
42.606363
42.606940
42.607542
42.608118
42.608729
42.609344
42.609928
42.610530
42.611125
42.611720
42.612321
42.612911
42.613496
42.614085
42.614677
42.615269
42.615860
42.616451
42.617048
42.617646
42.618243
42.618831
42.619408
42.619989
42.620598
42.621177
42.621789
42.622403
42.623015
42.623629
42.624245
42.624861
42.625474
42.626087
42.626701
42.627313
42.627856
42.628468
42.629083
42.629696
42.630309
42.630922

