42.322727
42.323075
42.323686
42.324319
42.324926
42.325561
42.326189
42.326804
42.327412
42.328017
42.328623
42.329259
42.329898
42.330537
42.331148
42.331785
42.332370
42.333007
42.333625
42.334248
42.334872
42.335525
42.336175
42.336792
42.337438
42.338087
42.338738
42.339388
42.340038
42.340658
42.341304
42.341953
42.342603
42.343252
42.343902
42.344523
42.345171
42.345823
42.346461
42.347113
42.347766
42.348390
42.349042
42.349693
42.350335
42.350992
42.351645
42.352299
42.352951
42.353603
42.354255
42.354906
42.355558
42.356210
42.356906
42.357557
42.358208
42.358861
42.359511
42.360149
42.360762
42.361377
42.361963
42.362571
42.363162
42.363775
42.364359
42.364969
42.365589
42.366207
42.366842
42.367458
42.368052
42.368639
42.369224
42.369805
42.370388
42.370968
42.371547
42.372127
42.372723
42.373355
42.373991
42.374625
42.375261
42.375895
42.376479
42.377074
42.377666
42.378257
42.378859
42.379483
42.380106
42.380688
42.381300
42.381912
42.382509
42.383106
42.383698
42.384916
42.385484
42.386061
42.386649
42.387227
42.387805
42.388367
42.388958
42.389535
42.390130
42.390727
42.391311
42.391937
42.392535
42.393146
42.393760
42.394372
42.394985
42.395594
42.396209
42.396823
42.397436
42.398056
42.398668
42.399281
42.399893
42.400506
42.401126
42.401748
42.402372
42.402995
42.403617
42.404265
42.404888
42.405512
42.406134
42.406757
42.407379
42.408002
42.408627
42.409249
42.409873
42.410496
42.411119
42.411744
42.412377
42.413004
42.413629
42.414255
42.414886
42.415517
42.416149
42.416780
42.417413
42.418045
42.418676
42.419308
42.419940
42.420573
42.421205
42.421838
42.422472
42.423104
42.423736
42.424341
42.424960
42.425593
42.426207
42.426820
42.427433
42.428046
42.428659
42.429271
42.429883
42.430497
42.431109
42.431721
42.432327
42.432941
42.433553
42.434166
42.434779
42.435391
42.436005
42.436617
42.437230
42.437843
42.438455
42.439064
42.439677
42.440281
42.440899
42.441513
42.442125
42.442738
42.443336
42.443950
42.444563
42.445176
42.445788
42.446401
42.447014
42.447627
42.448245
42.448858
42.449468
42.450081
42.450694
42.451305
42.451918
42.452531
42.453145
42.453759
42.454371
42.454987
42.455600
42.456255
42.456887
42.457518
42.458150
42.458782
42.459399
42.460031
42.460664
42.461295
42.461927
42.462558
42.463190
42.463821
42.464476
42.465111
42.465746
42.466382
42.467019
42.467654
42.468293
42.468927
42.469563
42.470198
42.470833
42.471470
42.472106
42.472742
42.473378
42.474015
42.474653
42.475298
42.475934
42.476556
42.477191
42.477827
42.478463
42.479098
42.479735
42.480372
42.481007
42.481643
42.482278
42.482888
42.483509
42.484129
42.484739
42.485323
42.485893
42.486486
42.487083
42.487672
42.488287
42.488876
42.489452
42.490024
42.490596
42.491167
42.491739
42.492342
42.492897
42.493544
42.494169
42.494782
42.495409
42.496007
42.496645
42.497256
42.497855
42.498453
42.499047
42.499638
42.500239
42.500827
42.501414
42.502002
42.502606
42.503219
42.503832
42.504446
42.505061
42.505674
42.506276
42.506864
42.507445
42.508026
42.508619
42.509212
42.509804
42.510414
42.511026
42.511637
42.512252
42.512864
42.513476
42.514090
42.514701
42.515312
42.515923
42.516521
42.517131
42.517743
42.518355
42.518967
42.519579
42.520192
42.520803
42.521414
42.522026
42.522638
42.523249
42.523861
42.524458
42.525069
42.525682
42.526295
42.526913
42.527526
42.528143
42.528755
42.529369
42.529981
42.530594
42.531172
42.531784
42.532392
42.532989
42.533561
42.534159
42.534753
42.535346
42.535956
42.536570
42.537170
42.537781
42.538394
42.539006
42.539619
42.540249
42.540856
42.541471
42.542083
42.542695
42.543307
42.543919
42.544533
42.545146
42.545768
42.546397
42.547026
42.547656
42.548287
42.548916
42.549544
42.550175
42.550803
42.551432
42.552059
42.552689
42.553316
42.553945
42.554573
42.555202
42.555832
42.556462
42.557090
42.557718
42.558347
42.558975
42.559604
42.560259
42.560890
42.561518
42.562150
42.562782
42.563414
42.564045
42.564678
42.565310
42.565943
42.566576
42.567207
42.567843
42.568475
42.569107
42.569738
42.570370
42.571001
42.571634
42.572269
42.572902
42.573534
42.574165
42.574797
42.575429
42.576061
42.576693
42.577325
42.577957
42.578589
42.579221
42.579854
42.580488
42.581120
42.581752
42.582384
42.583015
42.583647
42.584289
42.584922
42.585553
42.586186
42.586808
42.587409
42.588016
42.588646
42.589266
42.589890
42.590510
42.591121
42.591731
42.592325
42.592935
42.593544
42.594176
42.594809
42.595442
42.596084
42.596717
42.597356
42.597972
42.598590
42.599206
42.599824
42.600419
42.601036
42.601652
42.602271
42.602888
42.603484
42.604091
42.604681
42.605256
42.605788
42.606366
42.606943
42.607547
42.608121
42.608733
42.609349
42.609933
42.610534
42.611128
42.611724
42.612325
42.612916
42.613498
42.614089
42.614680
42.615272
42.615863
42.616455
42.617051
42.617650
42.618246
42.618837
42.619411
42.619991
42.620603
42.621181
42.621794
42.622407
42.623020
42.623633
42.624250
42.624865
42.625478
42.626091
42.626705
42.627318
42.627859
42.628472
42.629087
42.629701
42.630314
42.630927

