02.025908461
02.825777192
03.626292400
04.427790840
05.227073980
06.028536054
06.827745461
07.627283378
08.429351993
09.227804449
10.028591473
10.829000653
11.630685364
12.429944204
13.231421818
14.030783105
14.829837759
15.632023666
16.430679355
17.232609202
18.032028860
18.831987400
19.632943385
20.433626960
21.233702787
22.033007803
22.833428102
23.634626763
24.436147274
25.234187941
26.035002372
26.834708615
27.634360240
28.435700899
29.235176414
30.036329960
30.835383281
31.637362177
32.436815772
33.236129968
34.037607547
34.836675029
35.638258029
36.438056711
37.238397593
38.038480267
38.841137946
39.639751492
40.439298962
41.240401457
42.040104046
42.841047849
43.640476838
44.442219241
45.242711203
46.042806947
46.841710341
47.641456237
48.442586159
49.241983277
50.043373244
50.842416839
51.644165024
52.443977057
53.243273612
54.044136237
54.843653638
55.645291478
56.444529982
57.245751055
58.045713646
58.844645763
59.645720074
