02.026040
02.825872
03.626441
04.428056
05.227224
06.028790
06.827904
07.627391
08.429638
09.227914
10.028727
10.829149
11.630952
12.430130
13.231749
14.030980
14.829945
15.632401
16.430809
17.232882
18.032293
18.832198
19.633161
20.433873
21.233918
22.033157
22.833578
23.634831
24.436514
25.234341
26.035222
26.834851
27.634477
28.435913
29.235298
30.036492
30.835524
31.637603
32.436987
33.236310
34.037828
34.836763
35.638459
36.438247
37.238591
38.038645
38.841438
39.639969
40.439452
41.240617
42.040363
42.841311
43.640694
44.442491
45.242935
46.043082
46.841881
47.641581
48.442810
49.242110
50.043589
50.842537
51.644508
52.444188
53.243423
54.044382
54.843769
55.645519
56.444650
57.246003
58.045945
58.844747
59.645887
