01.812587
02.812871
03.813126
04.813349
05.813601
06.813824
07.814074
08.814317
09.814574
10.814784
11.815028
12.815275
13.815512
14.815767
15.816031
16.816281
17.816536
18.816793
19.817055
20.817294
21.817546
22.817775
23.818030
24.818263
25.818517
26.818766
27.819024
28.819257
29.819513
30.819753
31.820008
32.820238
33.820492
34.820741
35.820995
36.821240
37.821498
38.821725
39.821979
40.822222
41.822479
42.822724
43.822982
44.823233
45.823490
46.823811
47.824052
48.824266
49.824516
50.824739
51.824987
52.825207
53.825459
54.825683
55.825932
56.826177
57.826435
58.826671
59.826925
00.827168
01.827424
02.827654
03.827914
04.828149
05.828406
06.828645
07.828904
08.829143
09.829399
10.829609
11.829854
12.830048
13.830248
14.830440
15.830682
16.830875
17.831118
18.831317
19.831563
20.831761
21.832005
22.832201
23.832398
24.832588
25.832834
26.833030
27.833278
28.833533
29.833794
30.834052
31.834315
32.834577
33.834836
34.835093
35.835354
36.835616
37.835851
38.836113
39.836288
40.836545
41.836799
42.837058
43.837307
44.837561
45.837822
46.838077
47.838337
48.838592
49.838854
50.839108
51.839363
52.839622
53.839883
54.840142
55.840400
56.840659
57.840923
58.841156
59.841407
00.841640
01.841891
02.842140
03.842395
04.842651
05.842912
06.843142
07.843397
08.843654
09.843917
10.844130
11.844358
12.844611
13.844854
14.845106
15.845343
16.845594
17.845832
18.846087
19.846327
20.846579
21.846822
22.847076
23.847317
24.847568
25.847810
26.848062
27.848301
28.848559
29.848804
30.849054
31.849295
32.849540
33.849780
34.850032
35.850275
36.850526
37.850764
38.851004
39.851237
40.851486
41.851808
42.852045
43.852206
44.852448
45.852668
46.852883
47.853072
48.853312
49.853474
50.853665
51.853881
52.854126
53.854340
54.854585
55.854797
56.855042
57.855257
58.855477
59.855759
00.855999
01.856212
02.856426
03.856639
04.856848
05.857081
06.857316
07.857561
08.857818
09.858054
10.858263
11.858502
12.858761
13.859007
14.859264
15.859500
16.859855
17.860069
18.860318
19.860533
20.860781
21.860996
22.861246
23.861459
24.861705
25.861933
26.862185
27.862392
28.862635
29.862832
30.863079
31.863277
32.863501
33.863624
34.863867
35.864066
36.864310
37.864573
38.864835
39.865099
40.865362
41.865627
42.865868
43.866076
44.866332
45.866589
46.866855
47.867084
48.867332
49.867589
50.867851
51.868091
52.868348
53.868562
54.868821
55.869086
56.869348
57.869580
58.869805
59.870056
00.870299
01.870551
02.870788
03.871041
04.871283
05.871533
06.871764
07.872019
08.872245
09.872498
10.872699
11.872941
12.873156
13.873406
14.873663
15.873920
16.874155
17.874375
18.874619
19.874873
20.875112
21.875364
22.875613
23.875873
24.876091
25.876335
26.876578
27.876834
28.877059
29.877269
30.877524
31.877780
32.877993
33.878240
34.878453
35.878701
36.878919
37.879167
38.879415
39.879684
40.879927
41.880182
42.880411
43.880641
44.880796
45.881044
46.881276
47.881500
48.881753
49.882016
50.882250
51.882500
52.882711
53.882958
54.883168
55.883415
56.883632
57.883881
58.884104
59.884325
00.884526

