01.813367
02.812892
03.813153
04.813366
05.813627
06.813841
07.814101
08.814339
09.814601
10.814799
11.815053
12.815299
13.815534
14.815794
15.816058
16.816305
17.816562
18.816821
19.817084
20.817317
21.817574
22.817798
23.818055
24.818284
25.818545
26.818788
27.819050
28.819277
29.819539
30.819773
31.820034
32.820257
33.820518
34.820762
35.821018
36.821261
37.821524
38.821743
39.822005
40.822243
41.822504
42.822745
43.823008
44.823254
45.823517
46.823830
47.824074
48.824282
49.824543
50.824755
51.825013
52.825223
53.825485
54.825701
55.825955
56.826199
57.826461
58.826690
59.826953
00.827189
01.827450
02.827681
03.827936
04.828169
05.828432
06.828667
07.828932
08.829164
09.829427
10.829626
11.829880
12.830062
13.830274
14.830453
15.830709
16.830889
17.831143
18.831331
19.831591
20.831775
21.832034
22.832214
23.832421
24.832601
25.832861
26.833044
27.833305
28.833560
29.833817
30.834077
31.834341
32.834600
33.834862
34.835119
35.835380
36.835643
37.835875
38.836140
39.836310
40.836571
41.836822
42.837084
43.837329
44.837584
45.837845
46.838103
47.838360
48.838617
49.838877
50.839131
51.839386
52.839648
53.839906
54.840168
55.840423
56.840685
57.840950
58.841176
59.841433
00.841658
01.841917
02.842163
03.842418
04.842677
05.842935
06.843161
07.843420
08.843689
09.843939
10.844146
11.844378
12.844637
13.844873
14.845129
15.845363
16.845616
17.845852
18.846114
19.846348
20.846605
21.846842
22.847102
23.847337
24.847594
25.847830
26.848085
27.848322
28.848586
29.848825
30.849077
31.849316
32.849561
33.849802
34.850057
35.850297
36.850552
37.850785
38.851025
39.851257
40.851512
41.851832
42.852071
43.852220
44.852473
45.852685
46.852901
47.853089
48.853334
49.853490
50.853687
51.853897
52.854148
53.854355
54.854610
55.854812
56.855064
57.855273
58.855495
59.855776
00.856020
01.856229
02.856445
03.856655
04.856866
05.857102
06.857338
07.857584
08.857842
09.858074
10.858280
11.858525
12.858789
13.859028
14.859292
15.859520
16.859880
17.860085
18.860344
19.860549
20.860808
21.861012
22.861272
23.861475
24.861733
25.861953
26.862218
27.862404
28.862662
29.862844
30.863105
31.863289
32.863522
33.863637
34.863895
35.864078
36.864336
37.864597
38.864860
39.865125
40.865386
41.865651
42.865887
43.866100
44.866353
45.866615
46.866880
47.867101
48.867354
49.867614
50.867876
51.868115
52.868370
53.868585
54.868845
55.869112
56.869372
57.869597
58.869823
59.870082
00.870318
01.870576
02.870808
03.871066
04.871302
05.871555
06.871783
07.872043
08.872263
09.872522
10.872713
11.872963
12.873172
13.873431
14.873684
15.873945
16.874174
17.874392
18.874642
19.874898
20.875132
21.875390
22.875636
23.875896
24.876107
25.876357
26.876598
27.876860
28.877075
29.877291
30.877547
31.877802
32.878008
33.878265
34.878468
35.878725
36.878935
37.879193
38.879436
39.879708
40.879947
41.880207
42.880429
43.880660
44.880810
45.881069
46.881295
47.881520
48.881779
49.882041
50.882268
51.882525
52.882727
53.882980
54.883183
55.883438
56.883647
57.883906
58.884121
59.884342
00.884541

