26.347595
26.348358
26.349036
26.349707
26.350378
26.351049
26.351705
26.352300
26.352963
26.353618
26.354275
26.354941
26.355545
26.356156
26.356758
26.357376
26.357998
26.358619
26.359261
26.359871
26.360496
26.361122
26.361749
26.362377
26.363004
26.363631
26.364260
26.364887
26.365514
26.366142
26.366768
26.367395
26.368026
26.368675
26.369326
26.369974
26.370625
26.371276
26.371924
26.372574
26.373223
26.373872
26.374524
26.375172
26.375822
26.376458
26.377108
26.377759
26.378408
26.379056
26.379704
26.380341
26.380992
26.381641
26.382290
26.382939
26.383588
26.384286
26.384936
26.385586
26.386237
26.386885
26.387534
26.388184
26.388834
26.389483
26.390132
26.390781
26.391431
26.392079
26.392729
26.393379
26.394028
26.394677
26.395324
26.395975
26.396625
26.397275
26.397924
26.398573
26.399226
26.399876
26.400525
26.401173
26.401823
26.402472
26.403120
26.403771
26.404392
26.405041
26.405690
26.406339
26.406975
26.407624
26.408279
26.408929
26.409578
26.410227
26.410875
26.411524
26.412178
26.412843
26.413506
26.414170
26.414833
26.415498
26.416161
26.416827
26.417492
26.418156
26.418819
26.419486
26.420149
26.420815
26.421477
26.422138
26.422801
26.423462
26.424124
26.424751
26.425409
26.426073
26.426737
26.427401
26.428065
26.428729
26.429394
26.430051
26.430707
26.431363
26.432018
26.432677
26.433333
26.433987
26.434644
26.435299
26.435955
26.436614
26.437270
26.437925
26.438582
26.439239
26.439894
26.440554
26.441208
26.441865
26.442520
26.443176
26.443832
26.444490
26.445144
26.445801
26.446398
26.447051
26.447720
26.448380
26.449035
26.449691
26.450347
26.451002
26.451658
26.452316
26.452971
26.453628
26.454284
26.454926
26.455582
26.456275
26.456931
26.457586
26.458242
26.458897
26.459553
26.460208
26.460909
26.461568
26.462223
26.462879
26.463533
26.464187
26.464845
26.465500
26.466155
26.466812
26.467468
26.468124
26.468789
26.469454
26.470119
26.470783
26.471435
26.472101
26.472766
26.473433
26.474097
26.474762
26.475427
26.476091
26.476758
26.477422
26.478086
26.478751
26.479416
26.480080
26.480746
26.481411
26.482077
26.482741
26.483406
26.484071
26.484739
26.485404
26.486070
26.486735
26.487400
26.488064
26.488730
26.489393
26.490057
26.490723
26.491388
26.492053
26.492720
26.493385
26.494051
26.494717
26.495379
26.496010
26.496672
26.497337
26.498002
26.498667
26.499332
26.499997
26.500665
26.501329
26.501993
26.502658
26.503324
26.503988
26.504656
26.505321
26.505985
26.506651
26.507314
26.507980
26.508649
26.509313
26.509977
26.510642
26.511306
26.511970
26.512639
26.513303
26.513968
26.514665
26.515340
26.516014
26.516692
26.517367
26.518043
26.518720
26.519395
26.520070
26.520749
26.521424
26.522098
26.522772
26.523447
26.524123
26.524798
26.525472
26.526149
26.526824
26.527499
26.528174
26.528851
26.529527
26.530202
26.530877
26.531552
26.532279
26.532955
26.533630
26.534306
26.534969
26.535644
26.536322
26.536996
26.537676
26.538350
26.539025
26.539700
26.540377
26.541052
26.541727
26.542402
26.543076
26.543752
26.544431
26.545106
26.545780
26.546456
26.547131
26.547805
26.548482
26.549158
26.549833
26.550507
26.551182
26.551857
26.552534
26.553211
26.553887
26.554562
26.555236
26.555912
26.556591
26.557266
26.557940
26.558616
26.559291
26.559965
26.560647
26.561322
26.561996
26.562671
26.563347
26.564021
26.564700
26.565377
26.566053
26.566727
26.567402
26.568076
26.568755
26.569430
26.570105
26.570781
26.571456
26.572132
26.572810
26.573486
26.574160
26.574837
26.575511
26.576186
26.576861
26.577536
26.578210
26.578886
26.579560
26.580283
26.580958
26.581632
26.582307
26.582969
26.583645
26.584324
26.584999
26.585674
26.586350
26.587024
26.587699
26.588376
26.589051
26.589730
26.590404
26.591080
26.591755
26.592433
26.593108
26.593785
26.594459
26.595133
26.595810
26.596488
26.597162
26.597837
26.598511
26.599187
26.599862
26.600540
26.601215
26.601890
26.602566
26.603241
26.603916
26.604594
26.605271
26.605945
26.606621
26.607297
26.607972
26.608651
26.609325
26.610001
26.610675
26.611349
26.612025
26.612703
26.613375
26.614046
26.614718
26.615389
26.616062
26.616677
26.617325
26.617979
26.618653
26.619327
26.620002
26.620680
26.621355
26.622031
26.622706
26.623382
26.624056
26.624734
26.625410
26.626085
26.626759
26.627435
26.628110
26.628785
26.629461
26.630136
26.630811
26.631487
26.632161
26.632840
26.633516
26.634191
26.634866
26.635540
26.636216
26.636954
26.637628
26.638302
26.638978
26.639653
26.640331
26.641006
26.641680
26.642355
26.643031
26.643706
26.644386
26.645062
26.645737
26.646411
26.647073
26.647748
26.648426
26.649101
26.649778
26.650452
26.651127
26.651802
26.652481
26.653156
26.653830
26.654507
26.655182
26.655859
26.656537
26.657212
26.657887
26.658561
26.659236
26.659913
26.660591
26.661266
26.661942
26.662616
26.663290
26.663966
26.664645
26.665321
26.665995
26.666671
26.667345
26.668019
26.668698
26.669372
26.670047
26.670722
26.671398
26.672072
26.672750
26.673426
26.674101
26.674776
26.675453
26.676128
26.676803
26.677478
26.678153
26.678828
26.679504
