39.540571
40.540910
41.541092
42.541319
43.541571
44.541763
45.541972
46.542228
47.542480
48.542728
49.542981
50.543221
51.543452
52.543807
53.544047
54.544296
55.544551
56.544787
57.545021
58.545273
59.545512
00.545691
01.545931
02.546162
03.546411
04.546667
05.546922
06.547175
07.547407
08.547655
09.547865
10.548041
11.548198
12.548404
13.548584
14.548824
15.549043
16.549286
17.549521
18.549765
19.550010
20.550243
21.550484
22.550734
23.550934
24.551143
25.551393
26.551639
27.551890
28.552136
29.552379
30.552632
31.552862
32.553104
33.553331
34.553573
35.553791
36.554033
37.554271
38.554509
39.554748
40.554994
41.555225
42.555470
43.555652
44.555867
45.556132
46.556355
47.556584
48.556805
49.557021
50.557260
51.557461
52.557703
53.557909
54.558144
55.558367
56.558587
57.558800
58.559042
59.559245
00.559448
01.559640
02.559880
03.560085
04.560283
05.560495
06.560730
07.560941
08.561166
09.561342
10.561526
11.561745
12.561989
13.562233
14.562474
15.562716
16.562954
17.563178
18.563417
19.563663
20.563981
21.564223
22.564467
23.564685
24.564921
25.565165
26.565377
27.565618
28.565861
29.566102
30.566345
31.566588
32.566816
33.567058
34.567307
35.567543
36.567786
37.568034
38.568262
39.568504
40.568752
41.568997
42.569230
43.569474
44.569723
45.569971
46.570176
47.570415
48.570616
49.570813
50.571030
51.571268
52.571516
53.571764
54.572012
55.572242
56.572474
57.572706
58.572949
59.573192
00.573435
01.573679
02.573928
03.574144
04.574375
05.574615
06.574851
07.575094
08.575293
09.575500
10.575730
11.575945
12.576175
13.576420
14.576666
15.576911
16.577159
17.577399
18.577600
19.577840
20.578086
21.578333
22.578508
23.578654
24.578869
25.579059
26.579257
27.579463
28.579658
29.579967
30.580213
31.580462
32.580674
33.580914
34.581148
35.581386
36.581618
37.581861
38.582107
39.582352
40.582551
41.582777
42.583020
43.583265
44.583492
45.583819
46.584067
47.584315
48.584529
49.584756
50.584977
51.585212
52.585435
53.585654
54.585875
55.586118
56.586341
57.586551
58.586771

