39.540934
40.540924
41.541099
42.541333
43.541584
44.541773
45.541986
46.542243
47.542493
48.542743
49.542995
50.543234
51.543464
52.543821
53.544059
54.544310
55.544565
56.544800
57.545034
58.545288
59.545524
00.545698
01.545946
02.546173
03.546427
04.546682
05.546937
06.547190
07.547418
08.547685
09.547872
10.548048
11.548208
12.548419
13.548598
14.548836
15.549057
16.549299
17.549533
18.549778
19.550024
20.550254
21.550499
22.550748
23.550943
24.551160
25.551406
26.551653
27.551903
28.552151
29.552392
30.552646
31.552873
32.553119
33.553342
34.553586
35.553802
36.554049
37.554283
38.554524
39.554760
40.555009
41.555237
42.555486
43.555659
44.555879
45.556146
46.556365
47.556596
48.556816
49.557032
50.557272
51.557472
52.557717
53.557919
54.558158
55.558378
56.558599
57.558811
58.559056
59.559254
00.559458
01.559649
02.559893
03.560095
04.560292
05.560505
06.560743
07.560952
08.561178
09.561350
10.561535
11.561756
12.562003
13.562248
14.562488
15.562732
16.562967
17.563191
18.563433
19.563692
20.563993
21.564238
22.564482
23.564695
24.564935
25.565178
26.565390
27.565632
28.565876
29.566116
30.566360
31.566600
32.566827
33.567072
34.567321
35.567555
36.567800
37.568048
38.568274
39.568519
40.568765
41.569009
42.569242
43.569488
44.569736
45.569985
46.570185
47.570429
48.570624
49.570822
50.571042
51.571282
52.571529
53.571778
54.572026
55.572253
56.572486
57.572717
58.572963
59.573206
00.573449
01.573693
02.573942
03.574158
04.574387
05.574628
06.574863
07.575108
08.575302
09.575510
10.575737
11.575956
12.576187
13.576434
14.576680
15.576925
16.577172
17.577413
18.577609
19.577854
20.578099
21.578347
22.578525
23.578667
24.578880
25.579068
26.579267
27.579473
28.579682
29.579982
30.580230
31.580477
32.580685
33.580928
34.581160
35.581398
36.581630
37.581875
38.582120
39.582366
40.582560
41.582789
42.583033
43.583279
44.583504
45.583833
46.584081
47.584328
48.584539
49.584768
50.584989
51.585225
52.585447
53.585666
54.585886
55.586132
56.586351
57.586561
58.586783
