0.308
0.009
0.005
0.005
0.005
0.007
0.007
0.006
0.005
0.005
0.005
0.007
0.008
0.007
0.005
0.007
0.006
0.008
0.008
0.012
0.013
0.009
0.009
0.006
0.008
0.008
0.008
0.008
0.009
0.007
0.008
0.008
0.008
0.009
0.009
0.006
0.008
0.009
0.009
0.009
0.009
0.008
0.009
0.009
0.009
0.009
0.009
0.009
0.008
0.008
0.008
0.008
0.008
0.009
0.008
0.009
0.008
0.009
0.008
0.008
0.009
0.006
0.006
0.005
0.007
0.006
0.006
0.006
0.009
0.009
0.009
0.010
0.008
0.006
0.005
0.005
0.005
0.005
0.005
0.005
0.006
0.009
0.010
0.009
0.009
0.009
0.003
0.004
0.003
0.003
0.003
0.004
0.005
0.003
0.005
0.005
0.005
0.005
0.004
0.006
0.003
0.002
0.002
0.003
0.003
0.003
0.003
0.003
0.003
0.004
0.004
0.004
0.003
0.004
0.005
0.004
0.004
0.004
0.005
0.004
0.004
0.004
0.004
0.005
0.004
0.004
0.004
0.005
0.005
0.006
0.005
0.005
0.005
0.006
0.006
0.005
0.005
0.005
0.005
0.005
0.005
0.006
0.006
0.006
0.005
0.005
0.006
0.006
0.006
0.006
0.007
0.006
0.006
0.006
0.007
0.006
0.006
0.006
0.006
0.006
0.007
0.006
0.006
0.009
0.006
0.007
0.004
0.004
0.004
0.004
0.005
0.004
0.004
0.005
0.004
0.004
0.004
0.004
0.004
0.004
0.005
0.004
0.005
0.004
0.004
0.005
0.004
0.004
0.005
0.004
0.004
0.005
0.004
0.005
0.004
0.004
0.004
0.005
0.004
0.005
0.004
0.005
0.006
0.004
0.004
0.004
0.005
0.004
0.004
0.004
0.004
0.004
0.004
0.004
0.005
0.006
0.007
0.007
0.006
0.007
0.006
0.006
0.006
0.006
0.007
0.006
0.007
0.006
0.007
0.007
0.007
0.007
0.007
0.007
0.007
0.006
0.007
0.007
0.006
0.007
0.007
0.006
0.007
0.007
0.006
0.007
0.007
0.007
0.007
0.007
0.007
0.007
0.007
0.007
0.007
0.007
0.006
0.006
0.007
0.007
0.007
0.009
0.005
0.005
0.006
0.005
0.011
0.005
0.004
0.004
0.004
0.003
0.004
0.006
0.005
0.007
0.005
0.004
0.005
0.005
0.004
0.005
0.005
0.005
0.004
0.003
0.004
0.004
0.003
0.004
0.003
0.005
0.005
0.005
0.005
0.004
0.004
0.006
0.004
0.002
0.003
0.003
0.003
0.004
0.005
0.004
0.004
0.004
0.005
0.005
0.005
0.004
0.004
0.003
0.004
0.004
0.004
0.004
0.004
0.005
0.004
0.004
0.004
0.004
0.004
0.004
0.003
0.004
0.004
0.005
0.004
0.005
0.005
0.004
0.005
0.004
0.005
0.004
0.004
0.004
0.003
0.003
0.003
0.003
0.003
0.004
0.004
0.003
0.004
0.005
0.004
0.004
0.004
0.006
0.004
0.004
0.004
0.004
0.004
0.004
0.005
0.006
0.006
0.007
0.006
0.007
0.006
0.006
0.006
0.006
0.006
0.005
0.006
0.005
0.006
0.006
0.006
0.007
0.006
0.006
0.006
0.006
0.006
0.006
0.006
0.006
0.006
0.007
0.007
0.006
0.006
0.006
0.006
0.006
0.006
0.010
0.007
0.007
0.007
0.006
0.006
0.006
0.006
0.006
0.007
0.006
0.006
0.006
0.006
0.007
0.006
0.006
0.007
0.007
0.007
0.007
0.006
0.006
0.006
0.007
0.007
0.007
0.006
0.006
0.006
0.006
0.007
0.005
0.005
0.006
0.007
0.008
0.006
0.005
0.005
0.005
0.005
0.005
0.006
0.006
0.006
0.007
0.006
0.007
0.006
0.007
0.006
0.007
0.007
0.007
0.006
0.007
0.007
0.006
0.009
0.006
0.003
0.003
0.003
0.003
0.005
0.003
0.004
0.005
0.005
0.004
0.003
0.004
0.004
0.005
0.002
0.004
0.003
0.003
0.003
0.004
0.003
0.004
0.003
0.006
0.003
0.002
0.005
0.004
0.005
0.004
0.005
0.004
0.005
0.004
0.004
0.004
0.004
0.005
0.003
0.004
0.004
0.005
0.005
0.005
