17.368973
18.169290
18.969499
19.769754
20.570045
21.370394
22.170708
22.971013
23.771347
24.571694
25.372042
26.172372
26.972727
27.772961
28.573288
29.373673
30.174011
30.974352
31.774618
32.574845
33.375176
34.175509
34.975817
35.776077
36.576414
37.376767
38.177113
38.977463
39.777740
40.578023
41.378367
42.178687
42.979027
43.779304
44.579610
45.379953
46.180368
46.980707
47.781060
48.581409
49.381771
50.182090
50.982419
51.782796
52.583152
53.383463
54.183755
54.984082
55.784404
56.584694
57.384980
58.185306
58.985634
59.785970
00.586184
01.386479
02.186753
02.987069
03.787419
04.587744
05.388082
06.188355
06.988637
07.788976
08.589291
09.389592
10.189793
10.990022
11.790324
12.590650
13.390991
14.191265
14.991558
15.791918
16.592293
17.392567
18.192884
18.993208
19.793550
20.593871
21.394201
22.194463
22.994733
23.795065
24.595359
25.395682
26.195941
26.996320
27.796674
28.597000
29.397268
30.197522
30.997820
31.798148
32.598454
33.398784
34.199052
34.999329
35.799674
36.600048
37.400397
38.200689
39.001017
39.801372
40.601702
41.402037
42.202291
43.002576
43.802867
44.603119
45.403365
46.203587
47.003743
47.803925
48.604094
49.404270
50.204409
51.004650
51.804939
52.605229
53.405502
54.205770
55.006056
55.806316
56.606560
57.406775
58.206969
59.007263
59.807594
00.607916
01.408334
02.208662
03.009001
03.809311
04.609583
05.409899
06.210079
07.010329
07.810602
08.610916
09.411249
10.211563
11.011882
11.812077
12.612358
13.412693
14.213015
15.013336
15.813680
16.613988
