17.369333429
18.169654824
18.969695281
19.769996816
20.570404060
21.370838934
22.170960704
22.971345025
23.771659088
24.572066220
25.372509104
26.172718394
26.973204488
27.773202948
28.573794450
29.374090799
30.174379464
30.974710897
31.774773270
32.575104822
33.375532964
34.175808078
34.976117881
35.776292153
36.576789406
37.377216729
38.177473649
38.977918600
39.777917794
40.578350580
41.378821139
42.178969406
42.979490119
43.779477043
44.580075692
45.380360049
46.180787726
46.981072244
47.781527406
48.581775053
49.382219013
50.182378522
50.982800047
51.783241863
52.583492845
53.383792180
54.183997437
54.984547428
55.784697175
56.584958348
57.385341101
58.185684343
58.985888790
59.786341085
00.586329437
01.386808504
02.186953972
02.987488255
03.787819756
04.588029825
05.388529564
06.188500887
06.988916870
07.789364424
08.589537853
09.389936679
10.189905841
10.990211640
11.790672071
12.590920204
13.391381413
14.191445598
14.991953369
15.792436640
16.592582014
17.392916922
18.193154038
18.993528042
19.793854982
20.594153173
21.394514181
22.194613936
22.994977229
23.795445031
24.595561899
25.396042483
26.196085418
26.996645804
27.797053670
28.597316516
29.397569858
30.197671559
30.998183064
31.798457244
32.598729595
33.399182492
34.199216096
34.999637353
35.800066552
36.600461248
37.400741579
38.200966639
39.001414814
39.801755826
40.601994434
41.402411435
42.202442004
43.002871662
43.803191205
44.603392298
45.403645759
46.203782713
47.003892821
47.804137813
48.604278208
49.404399491
50.204539575
51.004896381
51.805200734
52.605458370
53.405711529
54.206023684
55.006350686
55.806608715
56.606705815
57.406931395
58.207196070
59.007531440
59.807975350
00.608180382
01.408709671
02.208959637
03.009384593
03.809602234
04.609786731
05.410270034
06.210211211
07.010561521
07.810936395
08.611221232
09.411621863
10.211864871
11.012198284
11.812296057
12.612646845
13.413077184
14.213296718
15.013653418
15.814089916
16.614241665
