04.036535
05.036800
06.037016
07.037263
08.037476
09.037666
10.037921
11.038137
12.038386
13.038625
14.038875
15.039093
16.039332
17.039542
18.039732
19.039957
20.040213
21.040427
22.040674
23.040903
24.041076
25.041298
26.041548
27.041788
28.042046
29.042314
30.042575
31.042838
32.043063
33.043288
34.043541
35.043794
36.044019
37.044257
38.044469
39.044731
40.044995
41.045234
42.045491
43.045757
44.045999
45.046257
46.046518
47.046762
48.046949
49.047154
50.047403
51.047598
52.047847
53.048047
54.048290
55.048485
56.048728
57.048955
58.049209
59.049406
00.049601
01.049780
02.050024
03.050224
04.050467
05.050662
06.050909
07.051176
08.051427
09.051658
10.051924
11.052159
12.052416
13.052683
14.052949
15.053214
16.053475
17.053737
18.053931
19.054173
20.054435
21.054694
22.054961
23.055230
24.055498
25.055767
26.056035
27.056302
28.056557
29.056817
30.057078
31.057331
32.057577
33.057803
34.058057
35.058322
36.058569
37.058827
38.059092
39.059354
40.059608
41.059870
42.060039
43.060288
44.060555
45.060803
46.061025
47.061232
48.061435
49.061685
50.061954
51.062223
52.062488
53.062755
54.063004
55.063263
56.063519
57.063776
58.064038
59.064234
00.064445
01.064698
02.064961
03.065172
04.065420
05.065633
06.065870
07.066130
08.066383
09.066625
10.066806
11.067006
12.067232
13.067489
14.067797
15.068054
16.068298
17.068540
18.068747
19.068994
20.069237
21.069492
22.069736
23.069993
24.070235
25.070487
26.070699
27.070943
28.071211
29.071411
30.071647
31.071917
32.072169
33.072390
34.072614
35.072872
36.073089
37.073336
38.073577
39.073833
40.074062
41.074314
42.074558
43.074810
44.075032
45.075282
46.075504
47.075854
48.076087
49.076340
50.076603
51.076860
52.077117
53.077370
54.077621
55.077875
56.078092
57.078334
58.078575
59.078764
00.078970
01.079208
02.079423
03.079619
04.079829
05.080080
06.080306
07.080560
08.080758
09.080982
10.081174
11.081366
12.081547
13.081790
14.081991
15.082239
16.082438
17.082652
18.082845
19.083094
20.083360
21.083619
22.083881
23.084141
24.084404
25.084669
26.084927
27.085187
28.085455
29.085721
30.085982
31.086253
32.086480
33.086685
34.086934
35.087204
36.087469
37.087830
38.088094
39.088310
40.088566
41.088828
42.089090
43.089359
44.089625
45.089889
46.090152
47.090398
48.090598
49.090782
50.090953
51.091215
52.091479
53.091823
54.092091
55.092357
56.092601
57.092858
58.093120
59.093317
00.093549
01.093784
02.094035
03.094245
04.094489
05.094736
06.094992
07.095258
08.095518
09.095777
10.096035
11.096279
12.096495
13.096737
14.096995
15.097306
16.097562
17.097815
18.098019
19.098252
20.098511
21.098756
22.099011
23.099256
24.099516
25.099764
26.100021
27.100286
28.100536
29.100794
30.101057
31.101310
32.101568
33.101805
34.102056
35.102275
36.102523
37.102742
38.102959
39.103102
40.103316
41.103559
42.103814
43.104037
44.104284
45.104503
46.104751
47.104991
48.105180
49.105375
50.105609
51.105843
52.106095
53.106336
54.106588
55.106809
56.106998
57.107211
58.107384
59.107566
00.107797
01.107986
02.108227
03.108471

