04.037497
05.036824
06.037041
07.037287
08.037503
09.037686
10.037949
11.038155
12.038411
13.038648
14.038900
15.039111
16.039356
17.039559
18.039747
19.039980
20.040238
21.040445
22.040703
23.040924
24.041097
25.041319
26.041576
27.041813
28.042077
29.042341
30.042606
31.042866
32.043085
33.043310
34.043572
35.043820
36.044045
37.044281
38.044498
39.044759
40.045026
41.045257
42.045522
43.045785
44.046025
45.046282
46.046546
47.046785
48.046963
49.047173
50.047431
51.047612
52.047875
53.048062
54.048317
55.048500
56.048757
57.048975
58.049237
59.049420
00.049618
01.049794
02.050050
03.050238
04.050495
05.050677
06.050940
07.051204
08.051451
09.051689
10.051953
11.052181
12.052445
13.052711
14.052977
15.053242
16.053502
17.053762
18.053946
19.054201
20.054461
21.054723
22.054992
23.055261
24.055529
25.055798
26.056067
27.056333
28.056583
29.056847
30.057111
31.057356
32.057602
33.057824
34.058086
35.058354
36.058593
37.058858
38.059120
39.059385
40.059634
41.059902
42.060055
43.060318
44.060586
45.060828
46.061046
47.061251
48.061453
49.061715
50.061986
51.062254
52.062519
53.062788
54.063028
55.063295
56.063545
57.063804
58.064065
59.064248
00.064465
01.064726
02.064986
03.065189
04.065446
05.065649
06.065894
07.066160
08.066406
09.066648
10.066828
11.067022
12.067255
13.067517
14.067819
15.068082
16.068320
17.068565
18.068763
19.069023
20.069260
21.069521
22.069759
23.070021
24.070258
25.070515
26.070715
27.070974
28.071239
29.071438
30.071680
31.071945
32.072192
33.072410
34.072635
35.072901
36.073106
37.073362
38.073600
39.073861
40.074083
41.074344
42.074581
43.074840
44.075051
45.075309
46.075525
47.075882
48.076109
49.076368
50.076629
51.076888
52.077142
53.077398
54.077644
55.077905
56.078109
57.078360
58.078596
59.078779
00.078996
01.079230
02.079441
03.079636
04.079850
05.080110
06.080326
07.080589
08.080773
09.081005
10.081188
11.081382
12.081561
13.081820
14.082006
15.082270
16.082452
17.082674
18.082861
19.083123
20.083385
21.083647
22.083910
23.084171
24.084432
25.084698
26.084954
27.085218
28.085488
29.085748
30.086014
31.086284
32.086500
33.086704
34.086965
35.087235
36.087501
37.087861
38.088126
39.088337
40.088595
41.088856
42.089121
43.089390
44.089655
45.089916
46.090182
47.090422
48.090616
49.090805
50.090980
51.091244
52.091507
53.091851
54.092121
55.092387
56.092624
57.092884
58.093148
59.093330
00.093573
01.093807
02.094065
03.094259
04.094518
05.094759
06.095023
07.095285
08.095549
09.095804
10.096066
11.096304
12.096523
13.096762
14.097026
15.097331
16.097590
17.097839
18.098035
19.098277
20.098540
21.098779
22.099042
23.099280
24.099547
25.099789
26.100052
27.100315
28.100562
29.100821
30.101087
31.101336
32.101598
33.101825
34.102085
35.102294
36.102551
37.102760
38.102991
39.103117
40.103345
41.103583
42.103841
43.104058
44.104309
45.104522
46.104776
47.105012
48.105195
49.105392
50.105633
51.105865
52.106123
53.106358
54.106616
55.106827
56.107020
57.107230
58.107402
59.107580
00.107821
01.108000
02.108256
03.108492

