08.156441
09.156687
10.156932
11.157152
12.157370
13.157620
14.157793
15.157956
16.158131
17.158356
18.158566
19.158813
20.159037
21.159267
22.159474
23.159748
24.159906
25.160077
26.160288
27.160503
28.160747
29.160969
30.161181
31.161405
32.161625
33.161840
34.162086
35.162315
36.162560
37.162798
38.163047
39.163272
40.163514
41.163736
42.163977
43.164195
44.164439
45.164667
46.164913
47.165120
48.165359
49.165585
50.165832
51.166040
52.166278
53.166482
54.166725
55.166938
56.167181
57.167398
58.167641
59.167866
00.168076
01.168295
02.168532
03.168802
04.169052
05.169268
06.169509
07.169735
08.169996
09.170228
10.170473
11.170668
12.170892
13.171117
14.171361
15.171597
16.171843
17.172091
18.172332
19.172583
20.172825
21.172993
22.173236
23.173436
24.173676
25.173875
26.174113
27.174312
28.174547
29.174747
30.174980
31.175177
32.175412
33.175609
34.175844
35.176042
36.176278
37.176478
38.176713
39.176864
40.177060
41.177218
42.177455
43.177633
44.177805
45.177991
46.178219
47.178464
