08.156571
09.156698
10.156945
11.157162
12.157383
13.157633
14.157802
15.157966
16.158142
17.158367
18.158580
19.158825
20.159050
21.159278
22.159482
23.159757
24.159914
25.160084
26.160298
27.160513
28.160760
29.160979
30.161191
31.161415
32.161635
33.161850
34.162099
35.162325
36.162573
37.162810
38.163060
39.163281
40.163527
41.163746
42.163989
43.164205
44.164452
45.164678
46.164925
47.165128
48.165371
49.165596
50.165844
51.166048
52.166290
53.166491
54.166738
55.166948
56.167192
57.167407
58.167654
59.167877
00.168086
01.168306
02.168543
03.168815
04.169065
05.169278
06.169521
07.169745
08.170011
09.170239
10.170486
11.170675
12.170903
13.171128
14.171374
15.171608
16.171856
17.172102
18.172346
19.172595
20.172838
21.173004
22.173249
23.173443
24.173688
25.173883
26.174126
27.174320
28.174560
29.174755
30.174992
31.175184
32.175424
33.175617
34.175856
35.176049
36.176289
37.176485
38.176726
39.176874
40.177070
41.177229
42.177468
43.177639
44.177822
45.177997
46.178232
47.178477
