52.238860
52.239553
52.240184
52.240807
52.241470
52.242137
52.242809
52.243476
52.244118
52.244773
52.245406
52.246059
52.246713
52.247383
52.248053
52.248681
52.249297
52.249911
52.250527
52.251142
52.251757
52.252351
52.252966
52.253582
52.254196
52.254813
52.255430
52.256046
52.256661
52.257276
52.257890
52.258507
52.259090
52.259705
52.260292
52.260908
52.261523
52.262138
52.262754
52.263370
52.263985
52.264600
52.265217
52.265832
52.266450
52.267066
52.267682
52.268281
52.268899
52.269515
52.270130
52.270745
52.271361
52.271975
52.272590
52.273205
52.273820
52.274435
52.275050
52.275659
52.276278
52.276896
52.277514
52.278129
52.278745
52.279360
52.279975
52.280591
52.281206
52.281821
52.282436
52.283051
52.283667
52.284278
52.284896
52.285515
52.286131
52.286745
52.287360
52.287975
52.288592
52.289206
52.289821
52.290436
52.291051
52.291665
52.292278
52.292897
52.293513
52.294129
52.294744
52.295360
52.295975
52.296594
52.297209
52.297824
52.298440
52.299055
52.299671
52.300278
52.300897
52.301511
52.302128
52.302743
52.303359
52.303974
52.304590
52.305206
52.305821
52.306436
52.307052
52.307667
52.308283
52.308899
52.309513
52.310128
52.310743
52.311359
52.311973
52.312593
52.313207
52.313823
52.314439
52.315055
52.315670
52.316288
52.316903
52.317518
52.318133
52.318749
52.319364
52.319979
52.320599
52.321214
52.321828
52.322443
52.323058
52.323676
52.324293
52.324909
52.325523
52.326138
52.326753
52.327367
52.327963
52.328582
52.329198
52.329814
52.330429
52.331045
52.331663
52.332279
52.332894
52.333509
52.334124
52.334739
52.335354
52.335969
52.336585
52.337201
52.337816
52.338432
52.339047
52.339665
52.340282
52.340897
52.341513
52.342128
52.342744
52.343359
52.343974
52.344590
52.345205
52.345820
52.346435
52.347051
52.347665
52.348281
52.348897
52.349512
52.350127
52.350743
52.351358
52.351975
52.352591
52.353206
52.353821
52.354436
52.355051
52.355669
52.356286
52.356901
52.357515
52.358131
52.358746
52.359361
52.359977
52.360593
52.361208
52.361822
52.362437
52.363052
52.363669
52.364285
52.364900
52.365515
52.366130
52.366746
52.367361
52.367977
52.368593
52.369208
52.369824
52.370439
52.371054
52.371668
52.372284
52.372900
52.373515
52.374131
52.374746
52.375360
52.375976
52.376593
52.377208
52.377825
52.378439
52.379054
52.379669
52.380286
52.380903
52.381518
52.382132
52.382748
52.383365
52.383980
52.384596
52.385210
52.385825
52.386439
52.387054
52.387670
52.388286
52.388902
52.389518
52.390133
52.390753
52.391367
52.391983
52.392599
52.393214
52.393831
52.394446
52.395062
52.395676
52.396293
52.396908
52.397523
52.398138
52.398754
52.399370
52.399985
52.400602
52.401218
52.401832
52.402447
52.403061
52.403676
52.404295
52.404908
52.405522
52.406136
52.406750
52.407363
52.407976
52.408579
52.409143
52.409743
52.410337
52.410931
52.411525
52.412137
52.412752
52.413361
52.413976
52.414590
52.415205
52.415824
52.416438
52.417052
52.417666
52.418281
52.418881
52.419495
52.420110
52.420725
52.421340
52.421954
52.422569
52.423184
52.423799
52.424414
52.425029
52.425643
52.426258
52.426873
52.427487
52.428102
52.428718
52.429327
52.429941
52.430557
52.431171
52.431786
52.432401
52.433016
52.433630
52.434245
52.434862
52.435477
52.436092
52.436707
52.437322
52.437936
52.438551
52.439166
52.439779
52.440395
52.441011
52.441624
52.442239
52.442854
52.443470
52.444084
52.444700
52.445282
52.445896
52.446510
52.447124
52.447739
52.448356
52.448970
52.449585
52.450199
52.450813
52.451428
52.452043
52.452659
52.453273
52.453891
52.454505
52.455119
52.455734
52.456350
52.456965
52.457579
52.458194
52.458809
52.459423
52.460037
52.460653
52.461234
52.461848
52.462464
52.463078
52.463694
52.464310
52.464925
52.465540
52.466123
52.466734
52.467349
52.467963
52.468579
52.469194
52.469810
52.470424
52.471038
52.471653
52.472270
52.472884
52.473500
52.474114
52.474728
52.475343
52.475959
52.476574
52.477183
52.477794
52.478407
52.479021
52.479635
52.480250
52.480865
52.481480
52.482094
52.482708
52.483323
52.483937
52.484553
52.485167
52.485782
52.486396
52.487013
52.487627
52.488244
52.488859
52.489473
52.490087
52.490701
52.491316
52.491930
52.492544
52.493144
52.493758
52.494373
52.494991
52.495607
52.496242
52.496857
52.497471
52.498086
52.498701
52.499315
52.499929
52.500546
52.501161
52.501776
52.502391
52.503007
52.503622
52.504239
52.504853
52.505469
52.506084
52.506699
52.507314
52.507928
52.508543
52.509144
52.509759
52.510373
52.510989
52.511605
52.512239
52.512853
52.513468
52.514084
52.514684
52.515300
52.515914
52.516530
52.517144
52.517759
52.518373
52.518988
52.519602
52.520221
52.520850
52.521464
52.522080
52.522694
52.523309
52.523924
52.524538
52.525138
52.525753
52.526368
52.526983
52.527598
52.528213
52.528846
52.529460
52.530078
52.530691
52.531306
52.531921
52.532535
52.533149
52.533764
52.534375
52.534990
52.535605
52.536239
52.536854
52.537468
52.538083
52.538697
52.539313
52.539927
52.540542
52.541143
52.541758
52.542372
52.542986
52.543601
52.544221
52.544837
52.545452
52.546066
