31.817358
31.817966
31.818560
31.819154
31.819747
31.820313
31.820903
31.821491
31.822079
31.822671
31.823263
31.823854
31.824435
31.825025
31.825613
31.826198
31.826781
31.827359
31.827934
31.828504
31.829074
31.829643
31.830217
31.830793
31.831380
31.831984
31.832586
31.833212
31.833840
31.834468
31.835096
31.835747
31.836321
31.836948
31.837546
31.838174
31.838801
31.839427
31.840055
31.840658
31.841285
31.841913
31.842543
31.843160
31.843776
31.844391
31.845005
31.845618
31.846231
31.846846
31.847459
31.848074
31.848694
31.849316
31.849937
31.850559
31.851182
31.851806
31.852428
31.853050
31.853672
31.854293
31.854915
31.855537
31.856158
31.856782
31.857404
31.858028
31.858650
31.859272
31.859894
31.860497
31.861107
31.861706
31.862305
31.862904
31.863503
31.864101
31.864720
31.865327
31.865935
31.866536
31.867124
31.867741
31.868364
31.868985
31.869604
31.870229
31.870850
31.871472
31.872093
31.872708
31.873331
31.873952
31.874573
31.875195
31.875821
31.876443
31.877077
31.877713
31.878351
31.878988
31.879625
31.880265
31.880903
31.881539
31.882179
31.882816
31.883416
31.884053
31.884691
31.885328
31.885965
31.886602
31.887248
31.887849
31.888487
31.889125
31.889762
31.890398
31.891035
31.891672
31.892310
31.892937
31.893574
31.894211
31.894831
31.895422
31.896056
31.896697
31.897358
31.897999
31.898641
31.899291
31.899934
31.900577
31.901219
31.901861
31.902502
31.903145
31.903791
31.904440
31.905087
31.905733
31.906380
31.907027
31.907673
31.908324
31.908971
31.909610
31.910225
31.910861
31.911508
31.912158
31.912805
31.913451
31.914097
31.914744
31.915377
31.916023
31.916673
31.917321
31.917971
31.918618
31.919266
31.919915
31.920565
31.921213
31.921860
31.922506
31.923154
31.923801
31.924450
31.925097
31.925742
31.926390
31.927036
31.927649
31.928300
31.928948
31.929594
31.930242
31.930889
31.931535
31.932182
31.932846
31.933493
31.934139
31.934786
31.935433
31.936084
31.936722
31.937369
31.938016
31.938664
31.939312
31.939958
31.940609
31.941256
31.941903
31.942549
31.943195
31.943843
31.944492
31.945139
31.945786
31.946433
31.947080
31.947721
31.948380
31.949028
31.949675
31.950322
31.950969
31.951616
31.952265
31.952873
31.953520
31.954169
31.954815
31.955462
31.956109
31.956757
31.957404
31.958051
31.958697
31.959346
31.959992
31.960625
31.961272
31.961915
31.962568
31.963215
31.963862
31.964511
31.965158
31.965805
31.966452
31.967102
31.967751
31.968402
31.969051
31.969697
31.970345
31.970991
31.971638
31.972291
31.972947
31.973598
31.974245
31.974892
31.975540
31.976187
31.976834
31.977480
31.978127
31.978773
31.979407
31.980042
31.980692
31.981339
31.981985
31.982633
31.983279
31.983927
31.984576
31.985223
31.985870
31.986518
31.987165
31.987813
31.988459
31.989108
31.989756
31.990403
31.991050
31.991697
31.992346
31.992993
31.993640
31.994287
31.994933
31.995579
31.996268
31.996914
31.997561
31.998208
31.998856
31.999504
32.000153
32.000802
32.001450
32.002096
32.002746
32.003394
32.004042
32.004691
32.005337
32.006000
32.006670
32.007340
32.008011
32.008682
32.009351
32.010020
32.010689
32.011349
32.012019
32.012691
32.013325
32.013997
32.014666
32.015336
32.016006
32.016677
32.017348
32.018017
32.018686
32.019354
32.020011
32.020682
32.021352
32.022020
32.022691
32.023362
32.024031
32.024702
32.025372
32.026042
32.026711
32.027367
32.028038
32.028709
32.029379
32.030048
32.030718
32.031387
32.032056
32.032728
32.033398
32.034076
32.034745
32.035415
32.036083
32.036753
32.037423
32.038094
32.038764
32.039434
32.040106
32.040776
32.041447
32.042115
32.042785
32.043441
32.044111
32.044782
32.045454
32.046122
32.046792
32.047461
32.048131
32.048802
32.049471
32.050139
32.050809
32.051478
32.052148
32.052818
32.053487
32.054156
32.054826
32.055495
32.056164
32.056833
32.057503
32.058173
32.058841
32.059497
32.060166
32.060850
32.061521
32.062191
32.062861
32.063531
32.064201
32.064931
32.065601
32.066270
32.066910
32.067552
32.068176
32.068773
32.069396
32.070065
32.070735
32.071406
32.072074
32.072743
32.073412
32.074082
32.074753
32.075407
32.076076
32.076745
32.077416
32.078086
32.078755
32.079423
32.080092
32.080761
32.081430
32.082101
32.082770
32.083439
32.084109
32.084781
32.085449
32.086119
32.086789
32.087457
32.088127
32.088826
32.089434
32.090059
32.090681
32.091316
32.091994
32.092665
32.093333
32.094022
32.094726
32.095406
32.096086
32.096771
32.097453
32.098133
32.098814
32.099494
32.100172
32.100852
32.101533
32.102212
32.102891
32.103571
32.104298
32.104979
32.105658
32.106338
32.107018
32.107698
32.108381
32.109046
32.109725
32.110410
32.111089
32.111769
32.112452
32.113131
32.113811
32.114476
32.115157
32.115837
32.116518
32.117198
32.117877
32.118557
32.119236
32.119914
32.120556
32.121229
32.121887
32.122497
32.123171
32.123850
32.124535
32.125216
32.125895
32.126576
32.127257
32.127937
32.128622
32.129302
32.129987
32.130668
32.131350
32.132030
32.132713
32.133394
32.134075
32.134757
32.135436
32.136116
32.136798
32.137480
32.138162
32.138843
32.139521
32.140202
32.140964

