31.817593
31.817971
31.818564
31.819158
31.819751
31.820317
31.820907
31.821495
31.822083
31.822675
31.823267
31.823858
31.824438
31.825029
31.825617
31.826203
31.826785
31.827363
31.827938
31.828508
31.829081
31.829646
31.830220
31.830796
31.831385
31.831988
31.832590
31.833218
31.833845
31.834474
31.835101
31.835753
31.836326
31.836954
31.837552
31.838179
31.838806
31.839433
31.840060
31.840662
31.841291
31.841918
31.842550
31.843166
31.843782
31.844396
31.845010
31.845623
31.846237
31.846851
31.847465
31.848080
31.848701
31.849322
31.849944
31.850566
31.851188
31.851812
31.852435
31.853057
31.853678
31.854299
31.854922
31.855543
31.856165
31.856789
31.857411
31.858034
31.858656
31.859278
31.859900
31.860506
31.861112
31.861711
31.862310
31.862909
31.863507
31.864106
31.864727
31.865334
31.865942
31.866545
31.867131
31.867747
31.868370
31.868992
31.869610
31.870236
31.870857
31.871478
31.872100
31.872715
31.873337
31.873958
31.874579
31.875202
31.875828
31.876450
31.877085
31.877722
31.878359
31.878997
31.879634
31.880274
31.880911
31.881548
31.882187
31.882824
31.883424
31.884061
31.884699
31.885336
31.885974
31.886611
31.887257
31.887857
31.888496
31.889134
31.889770
31.890407
31.891044
31.891681
31.892318
31.892946
31.893583
31.894220
31.894840
31.895430
31.896065
31.896707
31.897367
31.898008
31.898650
31.899301
31.899944
31.900586
31.901228
31.901870
31.902512
31.903155
31.903801
31.904450
31.905097
31.905743
31.906390
31.907037
31.907683
31.908334
31.908981
31.909620
31.910238
31.910871
31.911518
31.912168
31.912815
31.913461
31.914107
31.914754
31.915387
31.916034
31.916683
31.917331
31.917981
31.918628
31.919276
31.919925
31.920575
31.921223
31.921870
31.922516
31.923164
31.923811
31.924460
31.925107
31.925753
31.926400
31.927046
31.927659
31.928310
31.928958
31.929604
31.930252
31.930899
31.931545
31.932192
31.932856
31.933503
31.934149
31.934796
31.935443
31.936094
31.936731
31.937379
31.938026
31.938674
31.939322
31.939968
31.940619
31.941266
31.941913
31.942559
31.943205
31.943853
31.944502
31.945149
31.945796
31.946443
31.947090
31.947734
31.948390
31.949038
31.949685
31.950332
31.950979
31.951626
31.952275
31.952883
31.953530
31.954179
31.954826
31.955472
31.956119
31.956767
31.957414
31.958061
31.958707
31.959356
31.960002
31.960635
31.961282
31.961928
31.962578
31.963225
31.963872
31.964521
31.965168
31.965815
31.966462
31.967112
31.967761
31.968412
31.969061
31.969707
31.970355
31.971001
31.971648
31.972301
31.972960
31.973609
31.974256
31.974902
31.975550
31.976197
31.976844
31.977490
31.978137
31.978784
31.979417
31.980052
31.980702
31.981349
31.981995
31.982642
31.983289
31.983937
31.984586
31.985233
31.985881
31.986528
31.987175
31.987822
31.988469
31.989118
31.989766
31.990413
31.991060
31.991707
31.992356
31.993003
31.993650
31.994297
31.994943
31.995589
31.996278
31.996924
31.997571
31.998218
31.998866
31.999514
32.000163
32.000812
32.001460
32.002106
32.002756
32.003404
32.004052
32.004701
32.005347
32.006013
32.006683
32.007353
32.008024
32.008695
32.009364
32.010033
32.010702
32.011362
32.012032
32.012704
32.013338
32.014010
32.014679
32.015349
32.016019
32.016690
32.017361
32.018030
32.018698
32.019368
32.020024
32.020695
32.021365
32.022033
32.022704
32.023375
32.024044
32.024715
32.025385
32.026055
32.026724
32.027380
32.028051
32.028722
32.029393
32.030061
32.030731
32.031400
32.032069
32.032741
32.033415
32.034089
32.034758
32.035427
32.036096
32.036766
32.037436
32.038107
32.038777
32.039447
32.040119
32.040789
32.041460
32.042128
32.042798
32.043454
32.044124
32.044795
32.045467
32.046135
32.046805
32.047474
32.048144
32.048815
32.049484
32.050152
32.050822
32.051491
32.052161
32.052831
32.053500
32.054169
32.054839
32.055508
32.056177
32.056846
32.057516
32.058186
32.058854
32.059510
32.060179
32.060864
32.061534
32.062204
32.062874
32.063544
32.064214
32.064944
32.065614
32.066283
32.066924
32.067562
32.068185
32.068783
32.069406
32.070078
32.070747
32.071418
32.072086
32.072756
32.073425
32.074095
32.074765
32.075419
32.076089
32.076757
32.077428
32.078098
32.078768
32.079436
32.080104
32.080774
32.081443
32.082113
32.082783
32.083452
32.084122
32.084793
32.085461
32.086132
32.086801
32.087470
32.088139
32.088844
32.089444
32.090068
32.090691
32.091333
32.092007
32.092678
32.093346
32.094052
32.094740
32.095420
32.096100
32.096785
32.097467
32.098147
32.098828
32.099508
32.100187
32.100866
32.101547
32.102226
32.102905
32.103586
32.104312
32.104993
32.105672
32.106352
32.107032
32.107712
32.108395
32.109060
32.109740
32.110424
32.111103
32.111783
32.112466
32.113145
32.113825
32.114491
32.115171
32.115851
32.116532
32.117212
32.117891
32.118571
32.119250
32.119928
32.120567
32.121243
32.121908
32.122509
32.123187
32.123867
32.124551
32.125232
32.125911
32.126592
32.127273
32.127953
32.128638
32.129319
32.130003
32.130684
32.131366
32.132046
32.132729
32.133410
32.134091
32.134773
32.135452
32.136132
32.136813
32.137496
32.138178
32.138859
32.139538
32.140231
32.140980

