0.235
0.005
0.004
0.004
0.004
0.004
0.004
0.004
0.004
0.004
0.004
0.004
0.003
0.004
0.004
0.005
0.004
0.004
0.004
0.004
0.007
0.003
0.003
0.003
0.005
0.004
0.004
0.006
0.005
0.006
0.005
0.006
0.005
0.006
0.006
0.005
0.005
0.006
0.005
0.004
0.006
0.005
0.007
0.006
0.006
0.005
0.005
0.005
0.006
0.005
0.006
0.006
0.007
0.006
0.007
0.007
0.006
0.006
0.007
0.007
0.006
0.006
0.007
0.006
0.007
0.007
0.007
0.006
0.006
0.006
0.006
0.009
0.005
0.005
0.005
0.005
0.004
0.005
0.007
0.007
0.007
0.009
0.007
0.006
0.006
0.007
0.006
0.007
0.007
0.006
0.007
0.007
0.006
0.006
0.006
0.007
0.007
0.007
0.008
0.009
0.008
0.009
0.009
0.009
0.008
0.009
0.008
0.008
0.008
0.008
0.008
0.008
0.009
0.009
0.009
0.008
0.009
0.009
0.008
0.009
0.009
0.009
0.008
0.009
0.009
0.009
0.009
0.008
0.009
0.010
0.009
0.009
0.009
0.010
0.010
0.009
0.009
0.009
0.010
0.010
0.010
0.010
0.010
0.010
0.010
0.010
0.010
0.010
0.010
0.010
0.013
0.010
0.010
0.010
0.010
0.010
0.010
0.010
0.010
0.011
0.010
0.010
0.010
0.010
0.010
0.010
0.010
0.010
0.010
0.010
0.010
0.010
0.010
0.010
0.011
0.010
0.010
0.010
0.010
0.010
0.010
0.010
0.010
0.010
0.010
0.010
0.010
0.010
0.010
0.010
0.010
0.009
0.010
0.010
0.010
0.010
0.010
0.010
0.010
0.010
0.010
0.010
0.010
0.010
0.010
0.010
0.010
0.010
0.013
0.010
0.010
0.010
0.010
0.010
0.010
0.010
0.010
0.010
0.010
0.011
0.010
0.010
0.010
0.010
0.010
0.010
0.010
0.010
0.010
0.010
0.013
0.010
0.010
0.010
0.010
0.010
0.010
0.010
0.010
0.010
0.010
0.010
0.010
0.010
0.010
0.010
0.010
0.013
0.011
0.011
0.010
0.010
0.010
0.010
0.010
0.010
0.011
0.010
0.010
0.010
0.010
0.010
0.009
0.010
0.010
0.010
0.010
0.011
0.010
0.010
0.009
0.010
0.010
0.010
0.010
0.010
0.010
0.010
0.010
0.010
0.010
0.010
0.010
0.010
0.010
0.010
0.010
0.010
0.010
0.010
0.010
0.010
0.010
0.010
0.010
0.010
0.010
0.010
0.013
0.013
0.013
0.013
0.013
0.013
0.013
0.013
0.013
0.013
0.013
0.013
0.013
0.013
0.013
0.013
0.013
0.013
0.013
0.012
0.014
0.013
0.013
0.013
0.013
0.013
0.013
0.013
0.013
0.013
0.013
0.013
0.013
0.013
0.013
0.014
0.013
0.013
0.013
0.013
0.013
0.017
0.013
0.013
0.012
0.013
0.013
0.013
0.013
0.013
0.013
0.013
0.013
0.013
0.013
0.013
0.013
0.013
0.013
0.013
0.013
0.013
0.013
0.013
0.013
0.013
0.013
0.013
0.013
0.013
0.013
0.013
0.013
0.013
0.013
0.013
0.013
0.013
0.013
0.013
0.013
0.013
0.014
0.013
0.013
0.013
0.013
0.013
0.013
0.013
0.013
0.014
0.010
0.009
0.010
0.010
0.013
0.012
0.012
0.012
0.013
0.013
0.013
0.012
0.012
0.013
0.012
0.012
0.012
0.013
0.013
0.012
0.013
0.013
0.012
0.013
0.013
0.013
0.012
0.012
0.013
0.012
0.013
0.012
0.018
0.010
0.009
0.010
0.017
0.013
0.013
0.013
0.030
0.014
0.014
0.014
0.014
0.014
0.014
0.014
0.014
0.015
0.014
0.014
0.014
0.014
0.015
0.014
0.014
0.014
0.014
0.014
0.014
0.014
0.014
0.015
0.014
0.014
0.014
0.014
0.014
0.014
0.015
0.014
0.014
0.014
0.014
0.014
0.014
0.014
0.014
0.011
0.014
0.021
0.012
0.016
0.017
0.016
0.016
0.016
0.016
0.016
0.016
0.016
0.017
0.016
0.016
0.016
0.016
0.016
0.016
0.016
0.016
0.016
0.016
0.015
0.016
0.016
0.016
0.017
0.029
0.016
