54.495282181
55.294979413
56.095083567
56.896549696
57.697806050
58.496809671
59.297640519
00.097969798
00.897628485
01.699221570
02.498539230
03.299774603
04.100129378
04.899563754
05.699864583
06.499418090
07.301440901
08.101160941
08.901384622
09.702357107
10.500991644
11.302605869
12.103435538
12.903672886
13.703957563
14.502560548
15.304665567
16.104039114
16.903864275
17.705678746
18.505948136
19.306067582
20.105959579
20.906159948
21.706864113
22.507563078
23.307291010
24.108042841
24.907936864
25.709145489
26.508530624
27.308481745
28.109897504
28.909296750
29.710682469
30.510899915
31.310784494
32.111239912
32.911285410
33.712444343
34.512796502
35.312004499
36.113408539
36.913195883
37.715242323
38.513752066
39.313844304
40.114981494
40.914784538
41.714653028
42.515857030
43.315650580
44.115688162
44.917150120
45.717438814
46.517789403
47.318734230
48.118521218
48.918085286
49.719256377
50.519245167
51.319138340
52.119538768
52.919327683
53.719929558
54.521063474
55.321438032
56.120890836
56.920890521
57.722285754
58.522169058
59.322086097
00.121905039
00.922583957
01.723626562
02.524080871
03.324579923
04.124878316
04.923026838
05.725045942
06.525465093
07.326099206
08.125591437
08.926017903
09.726963042
10.526670839
11.326711826
12.127989803
12.928191934
13.728087532
14.529607376
15.327877888
16.130716559
16.928932465
17.730545192
18.531612310
19.330496720
20.131078274
20.931018757
21.730745869
22.531090570
23.330929695
24.132712050
24.933018930
25.732438930
26.533220427
27.332377744
28.134137681
28.934614819
29.734092753
30.535384735
31.334218817
32.135324809
32.935335461
33.736459882
34.536933480
35.336106580
36.137469210
36.937699861
37.737425720
38.537939875
39.337066654
40.138964695
40.938630256
41.738646288
42.539901441
43.338213378
44.139947270
44.941189513
45.740483273
46.541792491
47.340767342
48.140903092
48.942792282
49.742102555
50.542727068
51.342243917
52.144199579
52.943410394
53.743491986
