54.495444
55.295108
56.095206
56.896785
57.698069
58.497008
59.297907
00.098188
00.897844
01.699488
02.498753
03.300056
04.100496
04.899770
05.700090
06.499589
07.301716
08.101441
08.901607
09.702726
10.501207
11.302892
12.103757
12.903968
13.704357
14.502740
15.304955
16.104388
16.904024
17.705972
18.506223
19.306382
20.106192
20.906452
21.707179
22.507877
23.307536
24.108375
24.908192
25.709454
26.508781
27.308700
28.110226
28.909505
29.710952
30.511198
31.311059
32.111519
32.911487
33.712742
34.513130
35.312319
36.113770
36.913438
37.715540
38.513975
39.314110
40.115305
40.915056
41.714909
42.516134
43.315947
44.115890
44.917430
45.717792
46.518099
47.319063
48.118816
48.918343
49.719524
50.519527
51.319387
52.119825
52.919513
53.720171
54.521345
55.321711
56.121204
56.921087
57.722593
58.522461
59.322339
00.122076
00.922828
01.723921
02.524462
03.324896
04.125152
04.923130
05.725374
06.525774
07.326331
08.125810
08.926167
09.727258
10.526965
11.326969
12.128438
12.928647
13.728434
14.529884
15.328040
16.131071
16.929131
17.730827
18.531950
19.330752
20.131389
20.931294
21.730970
22.531293
23.331143
24.133037
24.933327
25.732750
26.533510
27.332554
28.134410
28.934889
29.734295
30.535691
31.334441
32.135514
32.935592
33.736731
34.537218
35.336382
36.137785
36.937975
37.737651
38.538185
39.337210
40.139268
40.938889
41.738879
42.540214
43.338310
44.140214
44.941501
45.740714
46.542061
47.340970
48.141065
48.943097
49.742273
50.542971
51.342471
52.144605
52.943633
53.743697
