50.997287
50.997941
50.998546
50.999149
50.999772
51.000353
51.000996
51.001628
51.002260
51.002893
51.003517
51.004158
51.004777
51.005419
51.006067
51.006716
51.007363
51.008010
51.008628
51.009277
51.009892
51.010529
51.011165
51.011798
51.012399
51.013008
51.013636
51.014266
51.014897
51.015527
51.016157
51.016758
51.017384
51.017985
51.018611
51.019240
51.019869
51.020488
51.021132
51.021780
51.022428
51.023075
51.023722
51.024320
51.024964
51.025610
51.026274
51.026933
51.027598
51.028322
51.028985
51.029647
51.030309
51.030956
51.031617
51.032322
51.032966
51.033628
51.034289
51.034953
51.035614
51.036349
51.037014
51.037686
51.038352
51.039016
51.039682
51.040328
51.040993
51.041658
51.042323
51.042987
51.043650
51.044327
51.044963
51.045623
51.046285
51.046935
51.047584
51.048274
51.048904
51.049560
51.050214
51.050869
51.051524
51.052177
51.052796
51.053449
51.054105
51.054760
51.055413
51.056068
51.056727
51.057386
51.058046
51.058706
51.059365
51.060027
51.060651
51.061257
51.061858
51.062459
51.063049
51.063662
51.064276
51.064861
51.065448
51.066035
51.066624
51.067233
51.067847
51.068434
51.069031
51.069631
51.070225
51.070835
51.071446
51.072056
51.072652
51.073222
51.073831
51.074443
51.075053
51.075663
51.076265
51.076875
51.077486
51.078098
51.078708
51.079304
51.079914
51.080511
51.081087
51.081697
51.082285
51.082879
51.083474
51.084067
51.084647
51.085234
51.085824
51.086409
51.087010
51.087611
51.088250
51.088862
51.089474
51.090086
51.090697
51.091309
51.091920
51.092532
51.093146
51.093756
51.094369
51.094985
51.095597
51.096208
51.096820
51.097431
51.098059
51.098677
51.099296
51.099914
51.100533
51.101156
51.101774
51.102394
51.103012
51.103631
51.104252
51.104871
51.105493
51.106113
51.106731
51.107334
51.107938
51.108557
51.109179
51.109797
51.110416
51.111035
51.111653
51.112279
51.112898
51.113517
51.114136
51.114754
51.115358
51.115977
51.116606
51.117236
51.117865
51.118496
51.119126
51.119757
51.120390
51.121019
51.121651
51.122281
51.122911
51.123541
51.124170
51.124801
51.125429
51.126059
51.126687
51.127315
51.127943
51.128548
51.129173
51.129802
51.130430
51.131057
51.131686
51.132317
51.132943
51.133573
51.134203
51.134835
51.135467
51.136096
51.136724
51.137354
51.137983
51.138613
51.139243
51.139872
51.140502
51.141132
51.141761
51.142391
51.143020
51.143650
51.144289
51.144920
51.145549
51.146178
51.146807
51.147449
51.148078
51.148709
51.149338
51.149967
51.150596
51.151226
51.151856
51.152485
51.153114
51.153744
51.154375
51.155004
51.155634
51.156274
51.156905
51.157536
51.158165
51.158795
51.159425
51.160054
51.160684
51.161316
51.161945
51.162575
51.163204
51.163836
51.164466
51.165095
51.165724
51.166356
51.166987
51.167601
51.168260
51.168890
51.169521
51.170151
51.170782
51.171413
51.172042
51.172672
51.173302
51.173933
51.174562
51.175191
51.175820
51.176450
51.177079
51.177709
51.178338
51.178968
51.179597
51.180251
51.180880
51.181509
51.182142
51.182759
51.183376
51.183990
51.184606
51.185220
51.185821
51.186434
51.187049
51.187664
51.188279
51.188894
51.189504
51.190106
51.190729
51.191356
51.191985
51.192615
51.193243
51.193872
51.194500
51.195112
51.195723
51.196333
51.196946
51.197557
51.198168
51.198778
51.199393
51.200005
51.200624
51.201235
51.201846
51.202462
51.203073
51.203685
51.204285
51.204896
51.205508
51.206111
51.206707
51.207303
51.207904
51.208513
51.209128
51.211013
51.211625
51.212221
51.212842
51.213453
51.214068
51.214683
51.215327
51.215940
51.216560
51.217170
51.217781
51.218393
51.219004
51.219615
51.220243
51.220855
51.221452
51.222063
51.222674
51.223286
51.223897
51.224509
51.225121
51.225732
51.226342
51.226953
51.227550
51.228162
51.228774
51.229385
51.229997
51.230608
51.231219
51.231830
51.232458
51.233087
51.233718
51.234348
51.234978
51.235607
51.236264
51.236897
51.237526
51.238155
51.238783
51.239413
51.240043
51.240676
51.241309
51.241942
51.242578
51.243211
51.243845
51.244478
51.245112
51.245746
51.246378
51.247012
51.247645
51.248286
51.248919
51.249552
51.250185
51.250819
51.251452
51.252086
51.252719
51.253353
51.253973
51.254609
51.255243
51.255887
51.256521
51.257156
51.257789
51.258423
51.259066
51.259707
51.260337
51.260980
51.261623
51.262266
51.262909
51.263553
51.264195
51.264838
51.265481
51.266124
51.266752
51.267395
51.268037
51.268682
51.269324
51.269976
51.270619
51.271261
51.271904
51.272547
51.273167
51.273783
51.274408
51.275018
51.275626
51.276280
51.276935
51.277586
51.278235
51.278884
51.279533
51.280183
51.280834
51.281483
51.282132
51.282782
51.283432
51.284046
51.284714
51.285371
51.286028
51.286684
51.287339
51.287996
51.288654
51.289310
51.289966
51.290624
51.291280
51.291936
51.292593
51.293249
51.293905
51.294562
51.295221
51.295877
51.296534
51.297191
51.297846
51.298502
51.299157
51.299813
51.300470
51.301126
51.301782
51.302437
51.303093
51.303749
51.304408
51.305071
51.305737
51.306371
51.306971
51.307595
51.308203
51.308806
51.309405
51.310048
51.310700
51.311348
51.311999
51.312649

