50.997431
50.997945
50.998549
50.999151
50.999776
51.000356
51.001000
51.001632
51.002264
51.002897
51.003522
51.004163
51.004781
51.005425
51.006072
51.006721
51.007368
51.008016
51.008633
51.009283
51.009898
51.010536
51.011171
51.011804
51.012403
51.013013
51.013642
51.014271
51.014902
51.015532
51.016162
51.016761
51.017390
51.017989
51.018616
51.019245
51.019875
51.020493
51.021137
51.021785
51.022433
51.023081
51.023727
51.024324
51.024969
51.025615
51.026280
51.026940
51.027605
51.028329
51.028991
51.029653
51.030315
51.030962
51.031624
51.032329
51.032973
51.033635
51.034296
51.034959
51.035621
51.036355
51.037021
51.037693
51.038358
51.039023
51.039689
51.040335
51.041000
51.041665
51.042330
51.042994
51.043657
51.044335
51.044968
51.045629
51.046292
51.046942
51.047591
51.048281
51.048911
51.049567
51.050221
51.050876
51.051531
51.052184
51.052802
51.053456
51.054112
51.054767
51.055420
51.056075
51.056735
51.057393
51.058054
51.058713
51.059372
51.060034
51.060655
51.061261
51.061865
51.062464
51.063053
51.063667
51.064279
51.064864
51.065450
51.066037
51.066626
51.067237
51.067851
51.068436
51.069034
51.069634
51.070228
51.070838
51.071449
51.072058
51.072653
51.073225
51.073834
51.074445
51.075056
51.075666
51.076268
51.076878
51.077488
51.078101
51.078710
51.079306
51.079916
51.080513
51.081089
51.081699
51.082288
51.082882
51.083477
51.084069
51.084648
51.085236
51.085826
51.086411
51.087012
51.087623
51.088253
51.088865
51.089476
51.090089
51.090700
51.091311
51.091923
51.092535
51.093148
51.093759
51.094372
51.094987
51.095600
51.096211
51.096823
51.097434
51.098062
51.098680
51.099299
51.099917
51.100536
51.101159
51.101777
51.102397
51.103016
51.103634
51.104255
51.104874
51.105496
51.106116
51.106734
51.107338
51.107941
51.108560
51.109182
51.109800
51.110419
51.111038
51.111656
51.112282
51.112902
51.113520
51.114139
51.114757
51.115361
51.115980
51.116610
51.117240
51.117869
51.118500
51.119130
51.119761
51.120394
51.121023
51.121655
51.122285
51.122914
51.123545
51.124174
51.124805
51.125433
51.126063
51.126691
51.127319
51.127947
51.128550
51.129177
51.129805
51.130433
51.131061
51.131690
51.132322
51.132947
51.133577
51.134207
51.134839
51.135471
51.136100
51.136728
51.137358
51.137987
51.138617
51.139247
51.139876
51.140506
51.141136
51.141765
51.142395
51.143024
51.143654
51.144293
51.144924
51.145553
51.146182
51.146810
51.147453
51.148082
51.148713
51.149342
51.149971
51.150600
51.151230
51.151859
51.152489
51.153118
51.153748
51.154378
51.155008
51.155638
51.156278
51.156909
51.157540
51.158169
51.158799
51.159429
51.160058
51.160688
51.161320
51.161949
51.162579
51.163208
51.163840
51.164470
51.165099
51.165728
51.166360
51.166990
51.167605
51.168264
51.168894
51.169525
51.170155
51.170786
51.171417
51.172046
51.172676
51.173306
51.173937
51.174566
51.175195
51.175823
51.176453
51.177083
51.177712
51.178342
51.178972
51.179601
51.180255
51.180884
51.181513
51.182146
51.182763
51.183380
51.183994
51.184610
51.185224
51.185824
51.186438
51.187053
51.187668
51.188283
51.188898
51.189509
51.190109
51.190734
51.191361
51.191990
51.192620
51.193248
51.193877
51.194502
51.195114
51.195726
51.196336
51.196948
51.197560
51.198170
51.198781
51.199396
51.200008
51.200626
51.201238
51.201849
51.202465
51.203076
51.203687
51.204288
51.204899
51.205510
51.206114
51.206709
51.207306
51.207905
51.208517
51.209132
51.211019
51.211629
51.212224
51.212844
51.213457
51.214072
51.214687
51.215330
51.215942
51.216563
51.217173
51.217784
51.218396
51.219007
51.219618
51.220246
51.220858
51.221454
51.222066
51.222677
51.223289
51.223900
51.224512
51.225123
51.225734
51.226345
51.226956
51.227553
51.228164
51.228777
51.229387
51.229999
51.230611
51.231221
51.231832
51.232462
51.233091
51.233722
51.234352
51.234982
51.235611
51.236268
51.236901
51.237530
51.238159
51.238787
51.239417
51.240047
51.240680
51.241313
51.241946
51.242582
51.243216
51.243849
51.244483
51.245116
51.245750
51.246382
51.247017
51.247649
51.248290
51.248924
51.249556
51.250189
51.250824
51.251457
51.252090
51.252723
51.253357
51.253978
51.254614
51.255248
51.255891
51.256525
51.257160
51.257794
51.258427
51.259070
51.259712
51.260341
51.260984
51.261628
51.262271
51.262913
51.263558
51.264200
51.264843
51.265486
51.266129
51.266757
51.267400
51.268042
51.268687
51.269328
51.269981
51.270623
51.271266
51.271909
51.272552
51.273173
51.273787
51.274412
51.275021
51.275629
51.276287
51.276941
51.277591
51.278240
51.278889
51.279538
51.280188
51.280840
51.281488
51.282138
51.282788
51.283438
51.284051
51.284720
51.285377
51.286034
51.286690
51.287345
51.288002
51.288659
51.289316
51.289971
51.290630
51.291286
51.291942
51.292599
51.293255
51.293911
51.294567
51.295227
51.295883
51.296540
51.297197
51.297852
51.298507
51.299163
51.299819
51.300476
51.301132
51.301788
51.302443
51.303099
51.303755
51.304414
51.305077
51.305743
51.306380
51.306976
51.307601
51.308207
51.308810
51.309409
51.310054
51.310706
51.311355
51.312005
51.312655

