03.832932
04.833197
05.833431
06.833709
07.834040
08.834340
09.834609
10.834836
11.835165
12.835518
13.835883
14.836227
15.836623
16.836939
17.837199
18.837510
19.837896
20.838247
21.838566
22.838871
23.839209
24.839558
25.839919
26.840203
27.840568
28.840898
29.841257
30.841609
31.841993
32.842342
33.842698
34.843027
35.843345
36.843644
37.844034
38.844394
39.844675
40.844999
41.845323
42.845653
43.846000
44.846342
45.846686
46.846976
47.847255
48.847586
49.847911
50.848214
51.848508
52.848790
53.849072
54.849348
55.849627
56.849929
57.850204
58.850490
59.850835
00.851192
01.851491
02.851870
03.852145
04.852443
05.852742
06.853017
07.853244
08.853551
09.853778
10.853990
11.854209
12.854516
13.854783
14.855061
15.855385
16.855635
17.855864
18.856158
19.856425
20.856732
21.856997
22.857243
23.857522
24.857830
25.858198
26.858536
27.858916
28.859277
29.859610
30.860003
31.860333
32.860680
33.861057
34.861390
35.861750
36.862102
37.862462
38.862836
39.863211
40.863569
41.863922
42.864267
43.864619
44.864975
45.865255
46.865572
47.865850
48.866168
49.866525
50.866908
51.867232
52.867535
53.867870
54.868244
55.868591
56.868951
57.869243
58.869472
59.869752
00.870118
01.870433
02.870731
03.871095
04.871421
05.871850
06.872182
07.872527
08.872871
09.873209
10.873542
11.873807
12.874131
13.874463
14.874826
15.875148
16.875484
17.875825
18.876169
19.876455
20.876793
21.877169
22.877535
23.877808
24.878058
25.878389
26.878762
27.879127
28.879481
29.879836
30.880175
31.880484
32.880752
33.881074
34.881375
35.881714
36.882046
37.882394
38.882755
39.883043
40.883294
41.883582
42.883916
43.884264
44.884573
45.884828
46.885070
47.885357
48.885658
49.885970
50.886318
51.886692
52.886994
53.887344
54.887644
55.888055
56.888335
57.888507
58.888749
59.889070
00.889381
01.889632
02.889857
03.890153
04.890426
05.890706
06.890990
07.891286
08.891629
09.891965
10.892199
11.892481
12.892821
13.893152
14.893442
15.893700
16.893933
17.894235
18.894496
19.894811
20.895085
21.895401
22.895796

