03.833448995
04.833407534
05.833683049
06.833969757
07.834423444
08.834551328
09.834829674
10.835065063
11.835476545
12.835998395
13.836232090
14.837354209
15.836991621
16.837198172
17.837478295
18.837942791
19.838272425
20.838580634
21.838810147
22.839252168
23.839496863
24.840025113
25.840303916
26.840573637
27.841061985
28.841252310
29.841536338
30.842011143
31.842300405
32.842712510
33.843047097
34.843366553
35.843608868
36.844040564
37.844407410
37.900330900
38.844790377
39.844934067
40.845392777
41.845579582
42.846136050
43.846391803
44.846778000
45.847014599
46.847214500
47.847518108
48.847973431
49.848204212
50.848583302
51.848708795
52.849142884
53.849271430
54.849763833
55.849849399
56.850252713
57.850467935
58.850884316
59.851206671
00.851626910
01.851757658
02.852199980
03.852361595
04.852791052
05.852992669
06.853286806
07.853388057
08.853918236
09.853954389
10.854136178
11.854355411
12.854896177
13.854933824
14.855401172
15.855663354
16.855813391
17.856015453
18.856533765
19.856582636
20.857063580
21.857166007
22.857625277
23.857671171
24.858220078
25.858603931
26.858938271
27.859306700
28.859651636
29.860005055
30.860355419
31.860601779
32.861101814
33.861443775
34.861729896
35.244433113
35.862232913
36.862418474
37.862800269
38.863250597
39.863574659
40.863988322
41.388434063
41.864284750
42.864625733
43.864933642
44.865348963
45.865487138
46.865859643
47.866030719
48.866520334
49.866922814
50.867285806
51.867498030
52.867920214
53.868193699
54.868639052
55.868967180
56.869325933
57.869462602
58.869630981
59.870050482
00.870480492
01.870660594
02.871073717
03.871450820
04.871770408
05.872210976
06.872427379
07.872889414
08.873183206
09.873559333
10.873825305
11.874063638
12.874404448
13.874877396
14.875144693
15.875486274
16.875782903
17.876107593
18.876551894
19.876828608
20.877206647
21.877651176
22.877880293
23.877982705
24.878347726
25.878783712
26.879209219
27.879590357
28.879924074
29.880213083
30.880530926
31.880736917
32.880943884
33.881446185
34.881627419
35.882075308
36.882345238
37.882774095
38.883108194
39.883274257
40.883590666
41.884058995
42.884293098
43.884662371
44.884796332
45.885073123
46.885300308
47.885713290
48.885938120
49.886384888
50.886643067
51.887192697
52.887283003
53.887875237
54.887922309
55.888384965
56.888571967
57.888631062
58.889000213
59.889485992
00.889650855
01.889878035
02.890056813
03.890543425
04.890589424
05.890982745
06.891227444
07.891607392
08.891928159
09.892309083
10.892367683
11.892879062
12.893106813
13.893504399
14.893655199
15.893918154
16.894091377
17.894593047
18.894677306
19.895224099
20.895256982
21.895863092
22.896072483
38.124342460
