28.743128
29.743367
30.743598
31.743806
32.744032
33.744273
34.744503
35.744745
36.744968
37.745210
38.745457
39.745704
40.745926
41.746158
42.746392
43.746580
44.746784
45.746982
46.747183
47.747399
48.747616
49.747842
50.748072
51.748254
52.748475
53.748707
54.748951
55.749189
56.749432
57.749631
58.749863
59.750102
00.750311
01.750539
02.750719
03.750939
04.751183
05.751367
06.751599
07.751842
08.752079
09.752311
10.752489
11.752717
12.752920
13.753155
14.753398
15.753643
16.753866
17.754104
18.754330
19.754570
20.754795
21.755034
22.755268
23.755508
24.755786
25.756025
26.756253
27.756492
28.756734
29.756973
30.757171
31.757378
32.757594
33.757831
34.758058
35.758297
36.758495
37.758732
38.758946
39.759184
40.759387
41.759620
42.759822
43.760059
44.760269
45.760506
46.760710
47.760946
48.761155
49.761392
50.761600
51.761857
52.762039
53.762267
54.762448
55.762678
56.762861
57.763052
58.763270
59.763510
00.763735
01.763897
02.764070
03.764302
04.764484
05.764675
06.764906
07.765142
08.765381
09.765624
10.765815
11.766046
12.766191
13.766421
14.766660
15.766899
16.767109
17.767343
18.767589
19.767822
20.768065
21.768306
22.768549
23.768791
24.769037
25.769273
26.769517
27.769762
28.770011
29.770252
30.770496
31.770738
32.770984
33.771226
34.771471
35.771675
36.771912
37.772135
38.772379
39.772626
40.772866
41.773089
42.773330
43.773568
44.773809
45.774051
46.774280
47.774519
48.774763
49.774996
50.775237
51.775467
52.775806
53.776042
54.776287
55.776524
56.776766
57.776883
58.777119
59.777353
00.777596
01.777819
02.778063
03.778305
04.778549
05.778753
06.778992
07.779239
08.779447
09.779639
10.779822
11.780031
12.780265
13.780472
14.780708
15.780940
16.781168
17.781410
18.781611
19.781835
20.782077
21.782303
22.782546
23.782792
24.783036
25.783283
26.783530
27.783756
28.783992
29.784217
30.784458
31.784692
32.784934
33.785162
34.785311
35.785545
36.785781
37.786007
38.786240
39.786437
40.786670
41.786879
42.787118
43.787341
44.787582
45.787782
46.788020
47.788226
48.788429
49.788635
50.788871
51.789079
52.789316
53.789519
54.789759
55.789963
56.790202
57.790406
58.790631
59.790836
00.791072
01.791316
02.791561
03.791776
04.792003
05.792180
06.792413
07.792593
08.792814
09.792991
10.793178
11.793348
12.793583
13.793756
14.793987
15.794168
16.794403
17.794651
18.794884
19.795133
20.795378
21.795626
22.795842
23.796092
24.796335
25.796578
26.796823
27.797070
28.797316
29.797562
30.797807
31.798048
32.798286
33.798529
34.798769
35.799011
36.799254
37.799492
38.799815
39.800037
40.800276
41.800538
42.800777
43.801019
44.801260
45.801496
46.801731
47.801976
48.802165
49.802370
50.802577
51.802781
52.803005
53.803241
54.803476
55.803811
56.804052
57.804198
58.804419
59.804655
00.804842
01.805075
02.805314
03.805554
04.805793
05.806013
06.806249
07.806490
08.806729
09.806966
10.807120
11.807372
12.807616
13.807854
14.808100
15.808353
16.808592
17.808833
18.809078
19.809322
20.809564
21.809808
22.810047
23.810286
24.810512
25.810748
26.810990

