28.743138
29.743379
30.743609
31.743815
32.744043
33.744286
34.744513
35.744757
36.744979
37.745223
38.745472
39.745717
40.745936
41.746169
42.746403
43.746587
44.746793
45.746991
46.747192
47.747410
48.747628
49.747856
50.748083
51.748267
52.748486
53.748721
54.748964
55.749203
56.749445
57.749640
58.749877
59.750117
00.750320
01.750552
02.750726
03.750950
04.751198
05.751374
06.751612
07.751857
08.752091
09.752323
10.752495
11.752729
12.752928
13.753168
14.753411
15.753656
16.753877
17.754116
18.754341
19.754584
20.754805
21.755047
22.755279
23.755522
24.755795
25.756039
26.756264
27.756505
28.756746
29.756986
30.757179
31.757388
32.757604
33.757844
34.758068
35.758310
36.758502
37.758746
38.758955
39.759197
40.759395
41.759632
42.759830
43.760073
44.760278
45.760520
46.760719
47.760959
48.761165
49.761406
50.761609
51.761871
52.762046
53.762281
54.762455
55.762692
56.762867
57.763062
58.763280
59.763523
00.763741
01.763907
02.764077
03.764317
04.764491
05.764684
06.764921
07.765154
08.765394
09.765639
10.765823
11.766059
12.766197
13.766433
14.766672
15.766910
16.767118
17.767355
18.767603
19.767833
20.768079
21.768318
22.768562
23.768803
24.769050
25.769284
26.769530
27.769775
28.770025
29.770265
30.770510
31.770750
32.770997
33.771240
34.771484
35.771682
36.771924
37.772145
38.772393
39.772638
40.772879
41.773099
42.773343
43.773581
44.773822
45.774063
46.774291
47.774532
48.774777
49.775007
50.775251
51.775478
52.775820
53.776054
54.776300
55.776535
56.776779
57.776889
58.777133
59.777364
00.777609
01.777830
02.778076
03.778317
04.778563
05.778762
06.779006
07.779251
08.779456
09.779648
10.779829
11.780041
12.780277
13.780480
14.780721
15.780951
16.781179
17.781424
18.781624
19.781846
20.782090
21.782314
22.782559
23.782806
24.783049
25.783295
26.783544
27.783767
28.784005
29.784227
30.784471
31.784703
32.784947
33.785172
34.785323
35.785556
36.785795
37.786018
38.786253
39.786445
40.786684
41.786889
42.787133
43.787352
44.787595
45.787791
46.788033
47.788236
48.788442
49.788644
50.788885
51.789088
52.789330
53.789528
54.789772
55.789972
56.790215
57.790414
58.790645
59.790845
00.791084
01.791328
02.791574
03.791782
04.792015
05.792186
06.792426
07.792599
08.792826
09.792998
10.793185
11.793355
12.793595
13.793763
14.794001
15.794175
16.794416
17.794664
18.794898
19.795147
20.795392
21.795640
22.795855
23.796106
24.796346
25.796592
26.796835
27.797083
28.797329
29.797576
30.797821
31.798060
32.798298
33.798542
34.798782
35.799024
36.799266
37.799506
38.799827
39.800050
40.800289
41.800551
42.800791
43.801033
44.801273
45.801506
46.801745
47.801989
48.802176
49.802382
50.802591
51.802794
52.803017
53.803255
54.803488
55.803824
56.804065
57.804206
58.804430
59.804667
00.804849
01.805088
02.805326
03.805568
04.805805
05.806024
06.806263
07.806504
08.806741
09.806980
10.807128
11.807386
12.807627
13.807868
14.808113
15.808365
16.808603
17.808847
18.809092
19.809335
20.809577
21.809821
22.810059
23.810300
24.810523
25.810761
26.811003
