56.680377
56.681077
56.681748
56.682368
56.682982
56.683647
56.684311
56.684960
56.685608
56.686291
56.686951
56.687569
56.688187
56.688791
56.689406
56.690026
56.690646
56.691263
56.691882
56.692486
56.693102
56.693723
56.694341
56.694945
56.695563
56.696182
56.696787
56.697424
56.698068
56.698709
56.699352
56.699995
56.700620
56.701262
56.701905
56.702548
56.703189
56.703831
56.704420
56.705059
56.705700
56.706342
56.706985
56.707630
56.708318
56.708963
56.709608
56.710252
56.710883
56.711538
56.712182
56.712828
56.713472
56.714117
56.714761
56.715404
56.716048
56.716692
56.717350
56.717996
56.718642
56.719286
56.719931
56.720575
56.721220
56.721867
56.722511
56.723155
56.723802
56.724447
56.725091
56.725734
56.726380
56.727032
56.727676
56.728315
56.728960
56.729604
56.730249
56.730893
56.731537
56.732181
56.732827
56.733471
56.734114
56.734758
56.735402
56.736045
56.736691
56.737335
56.737980
56.738624
56.739270
56.739914
56.740559
56.741203
56.741849
56.742494
56.743140
56.743784
56.744430
56.745074
56.745719
56.746363
56.747007
56.747651
56.748299
56.748944
56.749589
56.750232
56.750880
56.751525
56.752169
56.752814
56.753458
56.754102
56.754746
56.755391
56.756035
56.756681
56.757324
56.757968
56.758611
56.759255
56.759901
56.760546
56.761186
56.761811
56.762456
56.763100
56.763745
56.764353
56.764996
56.765640
56.766285
56.766931
56.767575
56.768276
56.768914
56.769574
56.770240
56.770907
56.771572
56.772290
56.772958
56.773624
56.774288
56.774946
56.775575
56.776197
56.776817
56.777476
56.778143
56.778811
56.779477
56.780142
56.780809
56.781476
56.782141
56.782807
56.783472
56.784138
56.784804
56.785470
56.786138
56.786803
56.787470
56.788136
56.788803
56.789469
56.790136
56.790824
56.791490
56.792157
56.792824
56.793491
56.794157
56.794824
56.795491
56.796158
56.796825
56.797490
56.798157
56.798823
56.799490
56.800158
56.800815
56.801448
56.802080
56.802712
56.803344
56.803979
56.804616
56.805248
56.805880
56.806513
56.807150
56.807819
56.808448
56.809095
56.809747
56.810398
56.811035
56.811669
56.812274
56.812889
56.813503
56.814115
56.814727
56.815340
56.815952
56.816565
56.817177
56.817789
56.818403
56.819018
56.819631
56.820247
56.820848
56.821444
56.822038
56.822630
56.823222
56.823815
56.824418
56.825020
56.825634
56.826254
56.826874
56.827493
56.828113
56.828733
56.829354
56.829974
56.830594
56.831214
56.831835
56.832455
56.833075
56.833694
56.834300
56.834898
56.835517
56.836137
56.836757
56.837377
56.837996
56.838616
56.839236
56.839857
56.840478
56.841099
56.841720
56.842339
56.842959
56.843579
56.844185
56.844805
56.845425
56.846048
56.846668
56.847288
56.847908
56.848530
56.849150
56.849770
56.850391
56.851012
56.851632
56.852259
56.852881
56.853501
56.854120
56.854741
56.855361
56.855980
56.856600
56.857220
56.857839
56.858461
56.859085
56.859705
56.860298
56.860924
56.861544
56.862167
56.862786
56.863405
56.864025
56.864646
56.865266
56.865886
56.866505
56.867125
56.867744
56.868345
56.868966
56.869586
56.870206
56.870833
56.871454
56.872074
56.872695
56.873315
56.873935
56.874554
56.875175
56.875796
56.876416
56.877035
56.877654
56.878274
56.878894
56.879514
56.880138
56.880758
56.881377
56.881997
56.882617
56.883237
56.883857
56.884478
56.885098
56.885718
56.886337
56.886943
56.887564
56.888185
56.888801
56.889417
56.890033
56.890652
56.891272
56.891891
56.892511
56.893131
56.893751
56.894371
56.894990
56.895610
56.896295
56.896934
56.897573
56.898212
56.898851
56.899490
56.900130
56.900769
56.901409
56.902048
56.902689
56.903328
56.903967
56.904609
56.905242
56.905883
56.906522
56.907160
56.907800
56.908441
56.909080
56.909719
56.910359
56.910998
56.911637
56.912278
56.912916
56.913556
56.914195
56.914833
56.915473
56.916112
56.916751
56.917388
56.918025
56.918663
56.919302
56.919939
56.920554
56.921188
56.921828
56.922468
56.923107
56.923746
56.924387
56.925027
56.925666
56.926306
56.926945
56.927584
56.928250
56.928891
56.929529
56.930168
56.930807
56.931446
56.932085
56.932727
56.933367
56.934007
56.934646
56.935287
56.935926
56.936566
56.937205
56.937843
56.938482
56.939096
56.939732
56.940374
56.941012
56.941651
56.942293
56.942931
56.943570
56.944209
56.944890
56.945530
56.946169
56.946807
56.947448
56.948086
56.948728
56.949368
56.950007
56.950645
56.951285
56.951925
56.952566
56.953205
56.953843
56.954483
56.955122
56.955760
56.956401
56.957041
56.957682
56.958320
56.958959
56.959599
56.960268
56.960909
56.961548
56.962186
56.962824
56.963462
56.964101
56.964740
56.965382
56.966021
56.966660
56.967299
56.967938
56.968578
56.969217
56.969855
56.970495
56.971133
56.971773
56.972414
56.973053
56.973692
56.974332
56.974974
56.975613
56.976254
56.976893
56.977532
56.978171
56.978810
56.979450
56.980090
56.980731
56.981371
56.982009
56.982648
56.983288
56.983926
56.984568
56.985207
56.985845
56.986485
56.987124
56.987763
56.988408
56.989047
56.989686
56.990326
56.990965
56.991605
56.992273
56.992912
56.993550
56.994189
56.994829
56.995468
56.996106
56.996745
56.997384
