56.681216
56.681241
56.681761
56.682378
56.682992
56.683661
56.684322
56.684971
56.685621
56.686302
56.686957
56.687575
56.688193
56.688795
56.689412
56.690031
56.690651
56.691269
56.691888
56.692490
56.693107
56.693729
56.694347
56.694951
56.695569
56.696187
56.696791
56.697433
56.698077
56.698718
56.699361
56.700003
56.700628
56.701271
56.701913
56.702556
56.703198
56.703840
56.704426
56.705067
56.705709
56.706351
56.706993
56.707639
56.708327
56.708971
56.709617
56.710261
56.710892
56.711546
56.712190
56.712837
56.713481
56.714125
56.714769
56.715413
56.716056
56.716701
56.717359
56.718005
56.718651
56.719295
56.719940
56.720584
56.721229
56.721876
56.722520
56.723163
56.723810
56.724456
56.725099
56.725743
56.726388
56.727041
56.727685
56.728324
56.728969
56.729613
56.730258
56.730902
56.731545
56.732190
56.732836
56.733479
56.734122
56.734766
56.735410
56.736054
56.736700
56.737344
56.737988
56.738633
56.739278
56.739922
56.740568
56.741211
56.741858
56.742503
56.743149
56.743793
56.744439
56.745083
56.745728
56.746371
56.747015
56.747660
56.748307
56.748953
56.749597
56.750241
56.750889
56.751534
56.752178
56.752823
56.753467
56.754110
56.754755
56.755399
56.756044
56.756689
56.757333
56.757976
56.758619
56.759264
56.759909
56.760555
56.761197
56.761820
56.762464
56.763109
56.763753
56.764361
56.765005
56.765649
56.766293
56.766939
56.767583
56.768287
56.768922
56.769585
56.770251
56.770917
56.771583
56.772301
56.772969
56.773634
56.774299
56.774960
56.775583
56.776205
56.776824
56.777487
56.778154
56.778822
56.779487
56.780153
56.780820
56.781487
56.782152
56.782818
56.783483
56.784149
56.784815
56.785482
56.786149
56.786814
56.787480
56.788146
56.788814
56.789481
56.790146
56.790835
56.791501
56.792168
56.792835
56.793502
56.794168
56.794835
56.795502
56.796169
56.796836
56.797501
56.798168
56.798834
56.799501
56.800169
56.800827
56.801462
56.802093
56.802726
56.803357
56.803993
56.804629
56.805261
56.805894
56.806527
56.807163
56.807834
56.808457
56.809107
56.809758
56.810409
56.811050
56.811674
56.812281
56.812894
56.813507
56.814119
56.814732
56.815344
56.815956
56.816569
56.817182
56.817794
56.818407
56.819022
56.819635
56.820254
56.820852
56.821449
56.822041
56.822633
56.823226
56.823818
56.824425
56.825024
56.825639
56.826260
56.826879
56.827499
56.828119
56.828739
56.829360
56.829979
56.830600
56.831219
56.831840
56.832461
56.833081
56.833700
56.834304
56.834902
56.835522
56.836142
56.836762
56.837382
56.838002
56.838622
56.839242
56.839862
56.840483
56.841104
56.841725
56.842345
56.842964
56.843584
56.844190
56.844811
56.845431
56.846053
56.846673
56.847294
56.847914
56.848535
56.849155
56.849776
56.850397
56.851017
56.851637
56.852266
56.852887
56.853506
56.854126
56.854746
56.855366
56.855985
56.856606
56.857225
56.857845
56.858467
56.859091
56.859711
56.860304
56.860929
56.861549
56.862172
56.862792
56.863411
56.864031
56.864652
56.865271
56.865892
56.866511
56.867130
56.867749
56.868350
56.868971
56.869592
56.870212
56.870838
56.871460
56.872080
56.872700
56.873320
56.873940
56.874560
56.875180
56.875801
56.876421
56.877040
56.877660
56.878279
56.878899
56.879520
56.880143
56.880763
56.881382
56.882002
56.882623
56.883242
56.883862
56.884484
56.885104
56.885723
56.886343
56.886949
56.887570
56.888191
56.888807
56.889423
56.890038
56.890658
56.891277
56.891897
56.892517
56.893136
56.893756
56.894377
56.894996
56.895615
56.896302
56.896942
56.897581
56.898220
56.898859
56.899498
56.900138
56.900777
56.901417
56.902055
56.902696
56.903336
56.903975
56.904616
56.905250
56.905890
56.906529
56.907168
56.907808
56.908449
56.909088
56.909727
56.910367
56.911006
56.911645
56.912286
56.912924
56.913564
56.914203
56.914841
56.915481
56.916120
56.916759
56.917396
56.918033
56.918671
56.919310
56.919947
56.920560
56.921196
56.921835
56.922476
56.923115
56.923753
56.924395
56.925035
56.925674
56.926314
56.926953
56.927591
56.928258
56.928899
56.929537
56.930176
56.930815
56.931454
56.932093
56.932735
56.933375
56.934015
56.934654
56.935295
56.935933
56.936574
56.937213
56.937851
56.938490
56.939102
56.939739
56.940381
56.941020
56.941659
56.942301
56.942939
56.943578
56.944224
56.944898
56.945538
56.946176
56.946815
56.947456
56.948094
56.948736
56.949375
56.950015
56.950653
56.951293
56.951932
56.952574
56.953213
56.953851
56.954491
56.955130
56.955768
56.956409
56.957049
56.957689
56.958328
56.958967
56.959606
56.960276
56.960917
56.961556
56.962194
56.962832
56.963470
56.964109
56.964748
56.965390
56.966029
56.966667
56.967307
56.967946
56.968586
56.969224
56.969863
56.970502
56.971141
56.971781
56.972422
56.973061
56.973700
56.974340
56.974982
56.975621
56.976262
56.976901
56.977539
56.978179
56.978818
56.979458
56.980098
56.980739
56.981378
56.982017
56.982656
56.983296
56.983934
56.984575
56.985215
56.985853
56.986493
56.987132
56.987771
56.988416
56.989054
56.989694
56.990333
56.990973
56.991613
56.992281
56.992919
56.993558
56.994197
56.994837
56.995475
56.996114
56.996753
56.997392
