499
499
0.839
0.164
0.013
0.010
0.010
0.014
0.011
0.011
0.013
0.011
0.006
0.006
0.006
0.004
0.006
0.005
0.005
0.006
0.006
0.004
0.005
0.006
0.006
0.006
0.006
0.005
0.004
0.009
0.009
0.009
0.009
0.008
0.008
0.009
0.008
0.008
0.009
0.009
0.006
0.008
0.009
0.009
0.008
0.009
0.009
0.008
0.009
0.009
0.009
0.008
0.008
0.009
0.009
0.008
0.008
0.009
0.008
0.009
0.009
0.009
0.009
0.009
0.009
0.009
0.009
0.009
0.009
0.008
0.008
0.009
0.008
0.009
0.008
0.009
0.009
0.009
0.009
0.009
0.009
0.009
0.008
0.009
0.009
0.008
0.008
0.008
0.008
0.009
0.009
0.009
0.008
0.009
0.008
0.008
0.009
0.008
0.009
0.009
0.009
0.009
0.009
0.009
0.009
0.008
0.008
0.009
0.008
0.009
0.008
0.009
0.009
0.009
0.009
0.009
0.009
0.008
0.009
0.008
0.009
0.008
0.009
0.008
0.008
0.009
0.008
0.009
0.011
0.009
0.008
0.009
0.008
0.008
0.009
0.009
0.008
0.008
0.008
0.011
0.008
0.011
0.011
0.010
0.011
0.011
0.011
0.010
0.011
0.014
0.008
0.008
0.007
0.011
0.011
0.011
0.010
0.011
0.011
0.011
0.011
0.011
0.011
0.011
0.011
0.012
0.011
0.011
0.010
0.010
0.011
0.012
0.010
0.011
0.011
0.011
0.011
0.011
0.011
0.011
0.011
0.011
0.011
0.011
0.011
0.011
0.011
0.011
0.012
0.014
0.013
0.014
0.013
0.014
0.013
0.013
0.014
0.014
0.013
0.015
0.009
0.012
0.011
0.011
0.015
0.005
0.007
0.005
0.004
0.004
0.005
0.004
0.004
0.004
0.005
0.005
0.004
0.004
0.004
0.007
0.004
0.005
0.003
0.003
0.004
0.003
0.007
0.004
0.005
0.006
0.005
0.006
0.006
0.006
0.006
0.005
0.006
0.005
0.005
0.006
0.006
0.006
0.004
0.004
0.005
0.005
0.005
0.005
0.006
0.006
0.006
0.005
0.005
0.005
0.005
0.006
0.005
0.005
0.005
0.006
0.006
0.005
0.005
0.006
0.006
0.005
0.005
0.006
0.006
0.005
0.005
0.007
0.006
0.005
0.006
0.005
0.005
0.005
0.006
0.005
0.006
0.006
0.006
0.006
0.006
0.005
0.005
0.005
0.006
0.006
0.006
0.006
0.005
0.006
0.006
0.005
0.005
0.005
0.005
0.006
0.006
0.005
0.006
0.006
0.005
0.005
0.005
0.006
0.005
0.005
0.005
0.005
0.006
0.005
0.005
0.006
0.005
0.005
0.005
0.005
0.006
0.005
0.005
0.006
0.006
0.005
0.006
0.006
0.006
0.006
0.006
0.006
0.005
0.006
0.005
0.006
0.006
0.005
0.005
0.006
0.006
0.005
0.007
0.008
0.008
0.008
0.008
0.008
0.008
0.008
0.008
0.007
0.007
0.008
0.008
0.007
0.008
0.007
0.007
0.008
0.008
0.008
0.008
0.008
0.008
0.008
0.008
0.008
0.008
0.008
0.008
0.008
0.008
0.008
0.008
0.008
0.008
0.008
0.008
0.008
0.006
0.008
0.007
0.008
0.008
0.007
0.008
0.008
0.008
0.008
0.008
0.007
0.008
0.008
0.008
0.008
0.008
0.008
0.008
0.008
0.008
0.008
0.008
0.008
0.007
0.008
0.008
0.008
0.008
0.006
0.007
0.007
0.008
0.008
0.008
0.008
0.008
0.015
0.008
0.008
0.007
0.008
0.008
0.008
0.008
0.007
0.008
0.008
0.008
0.007
0.008
0.008
0.008
0.008
0.008
0.008
0.008
0.008
0.007
0.008
0.008
0.007
0.008
0.008
0.008
0.008
0.008
0.008
0.008
0.008
0.008
0.008
0.007
0.008
0.008
0.008
0.007
0.008
0.007
0.008
0.008
0.008
0.008
0.008
0.008
0.008
0.008
0.008
0.008
0.007
0.008
0.008
0.008
0.008
0.008
0.007
0.008
0.008
0.008
0.008
0.007
0.008
0.008
0.008
0.008
0.008
0.008
0.007
0.008
0.007
0.008
0.008
0.008
0.007
0.008
0.008
0.008
0.007
0.008
0.008
0.008
