52.239144
52.239562
52.240188
52.240811
52.241476
52.242144
52.242817
52.243483
52.244124
52.244779
52.245413
52.246065
52.246720
52.247390
52.248060
52.248684
52.249300
52.249914
52.250530
52.251144
52.251760
52.252354
52.252969
52.253584
52.254198
52.254816
52.255433
52.256049
52.256664
52.257278
52.257893
52.258510
52.259093
52.259707
52.260295
52.260911
52.261526
52.262141
52.262757
52.263372
52.263987
52.264602
52.265220
52.265834
52.266453
52.267068
52.267685
52.268284
52.268902
52.269518
52.270133
52.270748
52.271363
52.271978
52.272593
52.273208
52.273823
52.274438
52.275053
52.275662
52.276281
52.276899
52.277517
52.278132
52.278748
52.279363
52.279978
52.280594
52.281209
52.281824
52.282438
52.283054
52.283670
52.284281
52.284899
52.285518
52.286133
52.286748
52.287363
52.287977
52.288594
52.289209
52.289824
52.290439
52.291054
52.291668
52.292282
52.292900
52.293515
52.294132
52.294747
52.295363
52.295978
52.296597
52.297212
52.297826
52.298442
52.299057
52.299674
52.300281
52.300900
52.301514
52.302130
52.302746
52.303362
52.303977
52.304593
52.305209
52.305824
52.306439
52.307055
52.307670
52.308286
52.308901
52.309516
52.310130
52.310746
52.311361
52.311976
52.312596
52.313210
52.313825
52.314441
52.315058
52.315673
52.316291
52.316906
52.317521
52.318135
52.318752
52.319367
52.319982
52.320602
52.321217
52.321831
52.322445
52.323061
52.323679
52.324295
52.324912
52.325526
52.326141
52.326756
52.327370
52.327966
52.328585
52.329201
52.329817
52.330432
52.331047
52.331666
52.332282
52.332897
52.333512
52.334127
52.334742
52.335357
52.335972
52.336588
52.337204
52.337819
52.338435
52.339050
52.339668
52.340285
52.340900
52.341516
52.342131
52.342747
52.343361
52.343977
52.344593
52.345208
52.345823
52.346438
52.347053
52.347668
52.348283
52.348900
52.349515
52.350129
52.350745
52.351361
52.351978
52.352593
52.353208
52.353824
52.354439
52.355054
52.355672
52.356289
52.356904
52.357518
52.358133
52.358749
52.359364
52.359980
52.360596
52.361210
52.361825
52.362440
52.363055
52.363672
52.364288
52.364902
52.365517
52.366133
52.366749
52.367364
52.367980
52.368596
52.369211
52.369827
52.370441
52.371057
52.371671
52.372287
52.372902
52.373518
52.374134
52.374749
52.375363
52.375979
52.376596
52.377211
52.377827
52.378442
52.379056
52.379671
52.380289
52.380906
52.381520
52.382135
52.382751
52.383367
52.383982
52.384598
52.385213
52.385828
52.386442
52.387056
52.387672
52.388289
52.388905
52.389520
52.390136
52.390756
52.391370
52.391985
52.392602
52.393217
52.393834
52.394448
52.395064
52.395679
52.396296
52.396911
52.397526
52.398141
52.398757
52.399373
52.399988
52.400605
52.401220
52.401835
52.402449
52.403064
52.403679
52.404297
52.404911
52.405525
52.406138
52.406752
52.407366
52.407979
52.408583
52.409146
52.409745
52.410339
52.410933
52.411527
52.412140
52.412755
52.413364
52.413978
52.414592
52.415207
52.415826
52.416441
52.417055
52.417669
52.418284
52.418884
52.419498
52.420112
52.420728
52.421343
52.421957
52.422572
52.423186
52.423801
52.424417
52.425031
52.425646
52.426261
52.426875
52.427490
52.428105
52.428721
52.429329
52.429944
52.430559
52.431174
52.431789
52.432404
52.433019
52.433633
52.434248
52.434865
52.435480
52.436095
52.436710
52.437325
52.437939
52.438553
52.439168
52.439782
52.440398
52.441013
52.441627
52.442241
52.442857
52.443473
52.444087
52.444702
52.445284
52.445899
52.446513
52.447127
52.447742
52.448359
52.448973
52.449588
52.450202
52.450816
52.451431
52.452045
52.452662
52.453276
52.453893
52.454507
52.455122
52.455737
52.456352
52.456967
52.457582
52.458197
52.458812
52.459425
52.460040
52.460655
52.461237
52.461851
52.462466
52.463081
52.463697
52.464313
52.464928
52.465542
52.466124
52.466737
52.467352
52.467966
52.468582
52.469197
52.469812
52.470427
52.471041
52.471656
52.472273
52.472887
52.473503
52.474117
52.474731
52.475345
52.475962
52.476576
52.477187
52.477796
52.478409
52.479024
52.479637
52.480253
52.480868
52.481483
52.482097
52.482711
52.483326
52.483940
52.484555
52.485170
52.485784
52.486399
52.487015
52.487630
52.488247
52.488862
52.489476
52.490090
52.490704
52.491319
52.491933
52.492547
52.493147
52.493761
52.494376
52.494993
52.495610
52.496245
52.496860
52.497473
52.498089
52.498704
52.499318
52.499932
52.500549
52.501164
52.501778
52.502393
52.503010
52.503625
52.504242
52.504856
52.505472
52.506087
52.506702
52.507317
52.507931
52.508546
52.509147
52.509762
52.510376
52.510991
52.511608
52.512241
52.512856
52.513471
52.514087
52.514687
52.515302
52.515917
52.516532
52.517147
52.517761
52.518376
52.518991
52.519605
52.520224
52.520853
52.521467
52.522083
52.522697
52.523311
52.523926
52.524541
52.525141
52.525756
52.526371
52.526985
52.527600
52.528215
52.528848
52.529463
52.530081
52.530694
52.531309
52.531923
52.532537
52.533152
52.533766
52.534378
52.534992
52.535607
52.536242
52.536857
52.537471
52.538086
52.538700
52.539315
52.539930
52.540545
52.541146
52.541761
52.542375
52.542989
52.543604
52.544224
52.544840
52.545455
52.546069
