42.508216095
43.309410562
44.108667560
44.909245455
45.708053121
46.509604331
47.310487272
48.108936954
48.910973545
49.710245877
50.511075658
51.311371065
52.110841484
52.911764325
53.713017121
54.512652746
55.313459369
56.113951598
56.914180240
57.715868280
58.514074767
59.316040459
00.115149432
00.915809887
01.715851771
02.514925839
03.316873885
04.117299636
04.916731701
05.718140672
06.516631301
07.318536948
08.117995881
08.918275563
09.720892642
10.518875026
11.318411643
12.120335442
12.920158635
13.720986384
14.521469054
15.322998776
16.121556393
16.921015947
17.722710652
18.522584460
19.322751114
20.122666320
20.923751136
21.724005862
22.523605479
23.325058047
24.125367396
24.925142213
25.725716742
26.524737227
27.324770375
28.126868373
28.926537726
29.727185870
30.526843141
31.327750121
32.127687859
32.928071548
33.728992114
34.527001405
35.328779692
36.129794963
36.928907837
37.728934617
38.528519362
39.330428695
40.131180317
40.929852084
41.730879150
42.529927810
43.331328374
44.131787616
44.932550397
45.733173224
46.533899614
47.333501377
48.134163281
48.934644016
49.734707213
50.535281124
51.334608560
52.135924038
52.935322565
53.736464307
54.536969211
55.337293247
56.137353840
56.937088832
57.738173100
58.538136535
59.337080730
00.139115786
00.938063102
01.739520783
02.540141853
03.339917807
04.140901234
04.940553541
05.741371887
06.541356142
07.342110020
08.142463353
08.942060808
09.742938273
10.543360196
11.342505047
12.145209342
12.943514725
13.743601345
14.544916281
15.344790726
16.145599300
16.944979522
17.746167264
18.546125274
19.346447569
20.146911407
20.946475981
21.747610698
22.548162656
23.347902340
24.148658367
24.947875906
25.749383911
26.549612471
27.349246248
28.150665424
28.949116461
29.750293338
30.551273047
31.351007482
32.151794926
32.950343954
33.750592261
34.552618805
35.351569783
36.153561108
36.953834578
37.753737312
38.554573474
39.353450141
40.156410896
40.953991859
41.754810041
42.555861680
43.355490365
44.154906952
44.956077025
45.757901781
46.558708255
47.357921792
48.158189452
48.958585198
49.758485272
50.559130439
51.358346200
52.161194023
52.958347866
53.759992268
54.560682321
55.360530721
56.159307311
56.961237834
57.761361983
58.562212967
59.360962762
00.162780949
00.963200401
01.763420448
02.564006985
03.363275854
04.164791359
04.964725883
05.764651806
06.565270878
07.364484403
08.166061468
08.966734672
09.765931991
10.567145663
11.366750051
12.167978981
12.968563277
13.768758322
14.569338675
15.368349625
16.169775880
16.969394009
17.770488028
18.570624886
19.370525373
20.170479245
20.971453132
21.771510895
22.572200817
23.371520478
24.173014824
24.973235719
25.772846314
26.573623340
27.373555277
28.174638481
28.975012188
29.775249525
30.575122837
31.375512472
32.175689202
32.976882695
33.775720832
34.577497677
35.376848090
36.177310594
36.978496734
37.777363461
38.578279371
39.378367986
40.179191819
40.978587761
41.779042292
42.580639161
43.381062017
44.179592415
44.981664126
45.780353206
46.582562698
47.381850546
48.182069089
48.983329456
49.781459398
50.583457915
51.384083499
52.182886615
52.984409157
53.782873544
54.585245483
55.385228265
56.184494396
56.986422119
57.785040987
58.587033063
59.386778847
00.186175359
00.987895122
01.786546772
