42.508481
43.309695
44.108852
44.909461
45.708169
46.509797
47.310763
48.109026
48.911216
49.710449
50.511329
51.311533
52.110994
52.911964
53.713291
54.512870
55.313736
56.114295
56.914531
57.716143
58.514273
59.316385
00.115384
00.916168
01.716102
02.515075
03.317183
04.117589
04.916920
05.718448
06.516813
07.318802
08.118238
08.918518
09.721170
10.519111
11.318564
12.120649
12.920570
13.721268
14.521826
15.323271
16.121858
16.921175
17.723017
18.522825
19.322997
20.122870
20.924088
21.724367
22.523823
23.325274
24.125661
24.925408
25.726025
26.524919
27.324912
28.127156
28.926798
29.727508
30.527133
31.328003
32.127957
32.928401
33.729293
34.527090
35.329071
36.130168
36.929109
37.729139
38.528644
39.330723
40.131449
40.930016
41.731137
42.530031
43.331562
44.132028
44.932844
45.733479
46.534239
47.333743
48.134452
48.934952
49.734984
50.535614
51.334809
52.136311
52.935522
53.736673
54.537283
55.337591
56.137660
56.937285
57.738460
58.538372
59.337226
00.139388
00.938284
01.739805
02.540466
03.340163
04.141175
04.940791
05.741669
06.541646
07.342330
08.142719
08.942302
09.743182
10.543611
11.342680
12.145486
12.943783
13.743826
14.545234
15.345067
16.145957
16.945179
17.746496
18.546363
19.346715
20.147218
20.946728
21.747926
22.548507
23.348161
24.148897
24.948080
25.749649
26.549934
27.349469
28.150950
28.949258
29.750496
30.551626
31.351205
32.152073
32.950483
33.750712
34.552890
35.351711
36.153890
36.954108
37.753999
38.554915
39.353645
40.156725
40.954169
41.755043
42.556130
43.355666
44.155048
44.956460
45.758242
46.559035
47.358191
48.158460
48.958882
49.758724
50.559524
51.358596
52.161497
52.958515
53.760209
54.560906
55.360769
56.159451
56.961477
57.761610
58.562508
59.361170
00.163050
00.963510
01.763725
02.564344
03.363451
04.165061
04.964969
05.764906
06.565537
07.364670
08.166336
08.967027
09.766119
10.567436
11.366950
12.168383
12.968857
13.769053
14.569653
15.368568
16.170115
16.969610
17.770788
18.570896
19.370815
20.170702
20.971766
21.771785
22.572599
23.371769
24.173314
24.973549
25.773125
26.573904
27.373745
28.174911
28.975313
29.775543
30.575460
31.375772
32.175952
32.977209
33.775928
34.577771
35.377049
36.177584
36.978759
37.777553
38.578502
39.378639
40.179459
40.978800
41.779271
42.580912
43.381383
44.179737
44.981976
45.780568
46.582839
47.382123
48.182272
48.983629
49.781563
50.583790
51.384475
52.183079
52.984676
53.782981
54.585549
55.385472
56.184704
56.986692
57.785205
58.587338
59.387036
00.186359
00.988317
01.786696
