56.601292
57.401551
58.201762
59.002030
59.802222
00.602426
01.402652
02.202917
03.003171
03.803457
04.603756
05.404028
06.204326
07.004554
07.804801
08.605146
09.405483
10.205797
11.006105
11.806408
12.606757
13.407063
14.207391
15.007729
15.808088
16.608432
17.408726
18.209043
19.009412
19.809682
20.610016
21.410274
22.210551
23.010853
23.811162
24.611426
25.411732
26.212066
27.012388
27.812685
28.613020
29.413376
30.213668
31.013911
31.814137
32.614330
33.414500
34.214753
35.014949
35.815212
36.615539
37.415873
38.216160
39.016436
39.816681
40.617013
41.417207
42.217448
43.017651
43.817849
44.618008
45.418156
46.218315
47.018467
47.818625
48.618799
49.419024
50.219311
51.019644
51.819855
52.620073
53.420334
54.220605
55.020936
55.821113
56.621340
57.421641
58.221960
59.022279
59.822587
00.622932
01.423208
02.223559
03.023895
03.824160
04.624451
05.424810
06.225152
07.025464
07.825658
08.625833
09.426141
10.226421
11.026689
11.826937
12.627253
13.427588
14.227831
15.028122
15.828462
16.628803
17.429139
18.229464
19.029812
19.830113
20.630378
21.430693
22.231016
23.031348
23.831695
24.631890
25.432176
26.232509
27.032835
27.833083
28.633348
29.433608
30.233915
31.034245
31.834489
32.634778
33.435102
34.235355
35.035626
35.835949
36.636277
37.436484
38.236711
39.037017
39.837372
40.637691
41.437999
42.238270
43.038492
43.838684
44.638871
45.439170
46.239460
47.039704
47.839946
48.640126
49.440425
50.240656
51.040878
51.841149
52.641416
53.441674
54.241953
55.042200
55.842425
56.642772
57.443091
58.243404
59.043714
59.844047
00.644403
01.444704
02.244986
03.045261
03.845503
04.645740
05.445935
06.246179
07.046418
07.846698
08.646886
09.447138
10.247384
11.047665
11.847959
12.648321
13.448576
14.248860
15.049039
15.849293
16.649535
17.449826
18.250110
19.050438
19.850720
20.651030
21.451330
22.251557
23.051747
23.851992
24.652183
25.452420
26.252680
27.052877
27.853158
28.653388
29.453698
30.254061
31.054425
31.854722
32.654986
33.455318
34.255647
35.055937
35.856392

