47.421971
48.422231
49.422452
50.422702
51.422961
52.423209
53.423453
54.423802
55.424051
56.424301
57.424557
58.424750
59.424969
00.425220
01.425479
02.425736
03.425889
04.426136
05.426327
06.426548
07.426764
08.426966
09.427226
10.427450
11.427756
12.427978
13.428201
14.428452
15.428697
16.428934
17.429178
18.429432
19.429659
20.429919
21.430184
22.430423
23.430665
24.430919
25.431177
26.431426
27.431636
28.431777
29.431939
30.432207
31.432347
32.432518
33.432657
34.432859
35.433057
36.433244
37.433494
38.433691
39.433893
40.434040
41.434243
42.434457
43.434610
44.434792
45.434996
46.435217
47.435448
48.435644
49.435810
50.436066
51.436341
52.436564
53.436804
54.437024
55.437256
56.437514
57.437765
58.437994
59.438242
00.438500
01.438723
02.438975
03.439222
04.439443
05.439690
06.440011
07.440236
08.440480
09.440705
10.440893
11.441103
12.441360
13.441560
14.441802
15.442040
16.442249
17.442434
18.442649
19.442860
20.443110
21.443314
22.443531
23.443752
24.444002
25.444222
26.444471
27.444669
28.444878
29.445067
30.445311
31.445511
32.445753
33.445989
34.446212
35.446463
36.446729
37.446956
38.447196
39.447461
40.447665
41.447917
42.448182
43.448346
44.448591
45.448746
46.448969
47.449231
48.449445
49.449702
50.449973
51.450252
52.450519
53.450738
54.450996
55.451257
56.451451
57.451814
58.452025
59.452262
00.452514
01.452772
02.453027
03.453280
04.453530
05.453790
06.454053
07.454313
08.454573
09.454835
10.455033
11.455265
12.455506
13.455743
14.455999
15.456263
16.456490
17.456746
18.456991
19.457215
20.457443
21.457701
22.457880
23.458129
24.458383
25.458587
26.458829
27.459088
28.459298
29.459552
30.459801
31.460040
32.460275
33.460530
34.460777
35.461036
36.461302
37.461554
38.461800
39.462063
40.462292
41.462550
42.462812
43.463054
44.463312
45.463576
46.463778
47.464026
48.464268
49.464512
50.464752
51.465008
52.465251
53.465507
54.465753
55.465999
56.466190
57.466412
58.466649
59.466894
00.467084
01.467316
02.467552
03.467806
04.467958
05.468205
06.468457
07.468705
08.468963
09.469148
10.469346
11.469597
12.469766
13.469977
14.470197
15.470377
16.470609
17.470864
18.471110
19.471321
20.471524
21.471773
22.471974
23.472228
24.472430
25.472655
26.472849
27.473095
28.473316
29.473525
30.473713
31.473854
32.474085
33.474354
34.474547
35.474792
36.474992
37.475234
38.475451
39.475802
40.475961
41.476214
42.476449
43.476681
44.476866
45.477105
46.477333
47.477589
48.477856
49.478123
50.478381
51.478646
52.478876
53.479125
54.479388
55.479626
56.479883
57.480148
58.480388
59.480627
00.480864
01.481120
02.481382
03.481637
04.481895
05.482155
06.482417
07.482664
08.482921
09.483192
10.483387
11.483637
12.483869
13.484051
14.484296
15.484550
16.484744
17.484961
18.485216
19.485454
20.485708
21.485941
22.486167
23.486430
24.486694
25.486929
26.487178
27.487448
28.487749
29.487972
30.488164
31.488385
32.488633
33.488884
34.489128
35.489387
36.489651
37.489894
38.490144
39.490401
40.490634
41.490886
42.491142
43.491376
44.491627
45.491965
46.492159

