47.422431
48.422256
49.422473
50.422730
51.422988
52.423236
53.423478
54.423832
55.424075
56.424329
57.424584
58.424764
59.424993
00.425247
01.425507
02.425767
03.425910
04.426162
05.426341
06.426572
07.426785
08.426992
09.427256
10.427470
11.427779
12.428008
13.428221
14.428483
15.428721
16.428958
17.429203
18.429462
19.429681
20.429950
21.430214
22.430447
23.430692
24.430949
25.431204
26.431457
27.431684
28.431789
29.431982
30.432234
31.432364
32.432542
33.432678
34.432876
35.433074
36.433284
37.433518
38.433707
39.433913
40.434055
41.434281
42.434495
43.434625
44.434808
45.435039
46.435237
47.435475
48.435660
49.435834
50.436100
51.436370
52.436586
53.436832
54.437045
55.437282
56.437547
57.437794
58.438021
59.438270
00.438531
01.438745
02.439010
03.439250
04.439466
05.439716
06.440042
07.440258
08.440512
09.440727
10.440909
11.441128
12.441395
13.441576
14.441833
15.442066
16.442269
17.442450
18.442675
19.442879
20.443143
21.443330
22.443554
23.443772
24.444033
25.444240
26.444501
27.444684
28.444901
29.445081
30.445342
31.445526
32.445780
33.446015
34.446232
35.446494
36.446760
37.446977
38.447226
39.447491
40.447688
41.447947
42.448209
43.448361
44.448622
45.448759
46.448993
47.449266
48.449470
49.449730
50.450005
51.450283
52.450547
53.450767
54.451024
55.451284
56.451466
57.451845
58.452048
59.452287
00.452542
01.452799
02.453054
03.453305
04.453556
05.453820
06.454080
07.454343
08.454601
09.454866
10.455047
11.455291
12.455529
13.455767
14.456028
15.456293
16.456511
17.456776
18.457015
19.457238
20.457466
21.457732
22.457900
23.458159
24.458408
25.458604
26.458855
27.459117
28.459315
29.459582
30.459825
31.460064
32.460299
33.460561
34.460801
35.461067
36.461329
37.461580
38.461825
39.462094
40.462315
41.462583
42.462842
43.463081
44.463342
45.463608
46.463794
47.464055
48.464295
49.464540
50.464776
51.465038
52.465277
53.465539
54.465779
55.466026
56.466205
57.466438
58.466675
59.466922
00.467109
01.467341
02.467577
03.467839
04.467979
05.468235
06.468486
07.468733
08.468992
09.469178
10.469362
11.469627
12.469790
13.469998
14.470220
15.470410
16.470631
17.470892
18.471135
19.471339
20.471542
21.471807
22.471993
23.472261
24.472446
25.472681
26.472864
27.473128
28.473336
29.473547
30.473729
31.473876
32.474109
33.474381
34.474561
35.474823
36.475006
37.475263
38.475470
39.475835
40.475978
41.476247
42.476482
43.476703
44.476882
45.477133
46.477356
47.477622
48.477883
49.478151
50.478411
51.478676
52.478898
53.479155
54.479418
55.479649
56.479913
57.480178
58.480411
59.480651
00.480888
01.481149
02.481413
03.481662
04.481922
05.482183
06.482448
07.482688
08.482951
09.483219
10.483401
11.483664
12.483900
13.484070
14.484326
15.484576
16.484758
17.484985
18.485247
19.485477
20.485739
21.485963
22.486189
23.486457
24.486724
25.486952
26.487209
27.487475
28.487771
29.487995
30.488199
31.488401
32.488663
33.488910
34.489154
35.489415
36.489682
37.489918
38.490174
39.490427
40.490658
41.490915
42.491172
43.491398
44.491657
45.491990
46.492181

