26.348021
26.348372
26.349046
26.349717
26.350388
26.351059
26.351715
26.352307
26.352973
26.353628
26.354285
26.354946
26.355551
26.356162
26.356762
26.357382
26.358003
26.358625
26.359267
26.359875
26.360501
26.361128
26.361755
26.362382
26.363010
26.363636
26.364266
26.364892
26.365520
26.366147
26.366774
26.367401
26.368031
26.368683
26.369334
26.369982
26.370633
26.371284
26.371932
26.372582
26.373231
26.373880
26.374531
26.375180
26.375829
26.376466
26.377116
26.377767
26.378415
26.379064
26.379712
26.380348
26.381000
26.381649
26.382298
26.382946
26.383595
26.384293
26.384944
26.385593
26.386245
26.386893
26.387542
26.388192
26.388841
26.389491
26.390140
26.390788
26.391439
26.392087
26.392736
26.393387
26.394036
26.394684
26.395332
26.395982
26.396632
26.397283
26.397932
26.398584
26.399234
26.399883
26.400533
26.401181
26.401830
26.402480
26.403128
26.403779
26.404400
26.405048
26.405697
26.406347
26.406982
26.407631
26.408287
26.408936
26.409586
26.410234
26.410883
26.411532
26.412188
26.412852
26.413516
26.414179
26.414843
26.415507
26.416171
26.416836
26.417502
26.418165
26.418828
26.419495
26.420159
26.420824
26.421486
26.422147
26.422810
26.423471
26.424133
26.424757
26.425418
26.426083
26.426746
26.427410
26.428074
26.428738
26.429403
26.430059
26.430716
26.431371
26.432027
26.432686
26.433341
26.433996
26.434652
26.435307
26.435963
26.436622
26.437279
26.437933
26.438591
26.439248
26.439902
26.440562
26.441217
26.441873
26.442528
26.443184
26.443840
26.444498
26.445153
26.445809
26.446404
26.447059
26.447729
26.448388
26.449043
26.449700
26.450355
26.451010
26.451666
26.452325
26.452980
26.453636
26.454292
26.454935
26.455590
26.456284
26.456940
26.457594
26.458250
26.458906
26.459561
26.460226
26.460918
26.461576
26.462231
26.462887
26.463541
26.464196
26.464853
26.465508
26.466164
26.466820
26.467476
26.468132
26.468797
26.469463
26.470128
26.470793
26.471444
26.472110
26.472775
26.473443
26.474107
26.474771
26.475436
26.476100
26.476767
26.477431
26.478095
26.478760
26.479425
26.480090
26.480755
26.481420
26.482086
26.482750
26.483415
26.484081
26.484748
26.485413
26.486079
26.486744
26.487409
26.488073
26.488739
26.489402
26.490066
26.490732
26.491398
26.492063
26.492729
26.493394
26.494060
26.494728
26.495388
26.496016
26.496681
26.497346
26.498011
26.498676
26.499341
26.500006
26.500674
26.501338
26.502002
26.502668
26.503333
26.503998
26.504665
26.505330
26.505994
26.506660
26.507323
26.507989
26.508658
26.509322
26.509986
26.510651
26.511315
26.511979
26.512648
26.513312
26.513977
26.514675
26.515350
26.516024
26.516702
26.517377
26.518053
26.518730
26.519405
26.520080
26.520759
26.521434
26.522108
26.522782
26.523458
26.524133
26.524808
26.525482
26.526160
26.526834
26.527510
26.528184
26.528862
26.529537
26.530212
26.530887
26.531562
26.532289
26.532965
26.533641
26.534316
26.534979
26.535654
26.536332
26.537006
26.537686
26.538360
26.539035
26.539710
26.540388
26.541062
26.541737
26.542412
26.543087
26.543762
26.544441
26.545116
26.545791
26.546466
26.547141
26.547815
26.548493
26.549168
26.549844
26.550518
26.551192
26.551867
26.552544
26.553221
26.553898
26.554573
26.555247
26.555922
26.556601
26.557277
26.557951
26.558626
26.559301
26.559975
26.560657
26.561332
26.562006
26.562681
26.563357
26.564031
26.564711
26.565388
26.566063
26.566737
26.567412
26.568087
26.568765
26.569440
26.570115
26.570791
26.571467
26.572142
26.572820
26.573496
26.574170
26.574847
26.575521
26.576196
26.576871
26.577546
26.578221
26.578896
26.579570
26.580293
26.580968
26.581643
26.582317
26.582980
26.583655
26.584334
26.585009
26.585684
26.586360
26.587034
26.587709
26.588387
26.589061
26.589740
26.590414
26.591090
26.591765
26.592443
26.593118
26.593795
26.594469
26.595143
26.595820
26.596498
26.597172
26.597847
26.598521
26.599197
26.599873
26.600550
26.601225
26.601900
26.602576
26.603251
26.603926
26.604605
26.605281
26.605955
26.606631
26.607307
26.607983
26.608661
26.609336
26.610011
26.610685
26.611359
26.612035
26.612714
26.613385
26.614056
26.614728
26.615400
26.616072
26.616684
26.617334
26.617988
26.618663
26.619337
26.620013
26.620690
26.621365
26.622041
26.622716
26.623392
26.624067
26.624744
26.625420
26.626095
26.626770
26.627446
26.628120
26.628796
26.629471
26.630146
26.630821
26.631497
26.632171
26.632850
26.633526
26.634201
26.634876
26.635551
26.636238
26.636964
26.637638
26.638312
26.638988
26.639663
26.640341
26.641017
26.641690
26.642365
26.643041
26.643716
26.644396
26.645073
26.645747
26.646422
26.647083
26.647758
26.648437
26.649111
26.649788
26.650462
26.651137
26.651812
26.652491
26.653166
26.653841
26.654518
26.655192
26.655869
26.656547
26.657222
26.657897
26.658571
26.659246
26.659923
26.660601
26.661276
26.661952
26.662626
26.663301
26.663976
26.664655
26.665331
26.666006
26.666681
26.667355
26.668030
26.668708
26.669383
26.670057
26.670732
26.671408
26.672082
26.672760
26.673436
26.674111
26.674786
26.675463
26.676138
26.676814
26.677488
26.678163
26.678838
26.679514
