0.426
0.014
0.010
0.010
0.010
0.010
0.010
0.007
0.010
0.010
0.010
0.005
0.006
0.006
0.004
0.006
0.005
0.006
0.006
0.004
0.005
0.006
0.006
0.005
0.006
0.005
0.006
0.005
0.006
0.005
0.006
0.006
0.005
0.008
0.008
0.008
0.008
0.008
0.008
0.008
0.008
0.008
0.007
0.008
0.007
0.008
0.008
0.008
0.007
0.008
0.008
0.007
0.008
0.008
0.008
0.007
0.007
0.007
0.008
0.007
0.008
0.008
0.008
0.008
0.007
0.008
0.008
0.007
0.008
0.008
0.007
0.008
0.008
0.007
0.008
0.007
0.007
0.008
0.008
0.011
0.008
0.007
0.008
0.008
0.007
0.008
0.008
0.008
0.008
0.007
0.007
0.008
0.007
0.007
0.008
0.007
0.008
0.007
0.008
0.008
0.010
0.009
0.010
0.009
0.010
0.009
0.010
0.009
0.010
0.009
0.009
0.009
0.010
0.009
0.009
0.009
0.009
0.009
0.009
0.006
0.009
0.010
0.009
0.009
0.009
0.009
0.009
0.008
0.009
0.008
0.009
0.009
0.008
0.009
0.008
0.008
0.008
0.008
0.009
0.008
0.009
0.009
0.008
0.008
0.009
0.008
0.008
0.008
0.008
0.008
0.009
0.008
0.006
0.008
0.009
0.008
0.008
0.009
0.008
0.008
0.008
0.009
0.009
0.008
0.008
0.009
0.008
0.009
0.009
0.008
0.008
0.009
0.008
0.018
0.009
0.008
0.008
0.008
0.008
0.009
0.008
0.008
0.009
0.008
0.008
0.008
0.008
0.009
0.009
0.010
0.009
0.009
0.009
0.010
0.010
0.009
0.009
0.009
0.009
0.009
0.009
0.009
0.009
0.010
0.009
0.009
0.009
0.009
0.009
0.010
0.009
0.009
0.009
0.009
0.009
0.009
0.009
0.009
0.009
0.009
0.010
0.010
0.009
0.009
0.009
0.011
0.009
0.006
0.009
0.009
0.009
0.009
0.009
0.009
0.009
0.009
0.009
0.010
0.009
0.010
0.009
0.009
0.009
0.009
0.009
0.009
0.009
0.009
0.009
0.009
0.009
0.009
0.009
0.009
0.009
0.010
0.010
0.010
0.010
0.010
0.010
0.010
0.010
0.010
0.010
0.010
0.010
0.010
0.011
0.010
0.010
0.010
0.011
0.010
0.011
0.010
0.011
0.010
0.010
0.010
0.010
0.010
0.010
0.011
0.010
0.010
0.010
0.010
0.010
0.010
0.010
0.010
0.010
0.011
0.010
0.010
0.010
0.011
0.010
0.010
0.010
0.011
0.010
0.010
0.010
0.011
0.010
0.011
0.011
0.010
0.010
0.010
0.010
0.011
0.011
0.011
0.010
0.010
0.011
0.011
0.010
0.010
0.010
0.010
0.010
0.010
0.010
0.010
0.010
0.011
0.011
0.010
0.010
0.010
0.011
0.010
0.010
0.010
0.010
0.011
0.010
0.010
0.010
0.010
0.010
0.010
0.010
0.010
0.010
0.011
0.010
0.010
0.010
0.010
0.011
0.010
0.011
0.010
0.010
0.010
0.010
0.010
0.010
0.010
0.011
0.010
0.010
0.010
0.010
0.010
0.010
0.010
0.010
0.010
0.010
0.010
0.010
0.010
0.010
0.010
0.010
0.011
0.010
0.010
0.010
0.010
0.010
0.010
0.011
0.010
0.010
0.010
0.010
0.011
0.010
0.011
0.010
0.010
0.010
0.010
0.011
0.010
0.010
0.010
0.011
0.010
0.007
0.009
0.009
0.010
0.010
0.011
0.010
0.010
0.010
0.010
0.010
0.011
0.010
0.010
0.010
0.011
0.011
0.010
0.011
0.010
0.010
0.010
0.010
0.010
0.010
0.010
0.010
0.010
0.011
0.022
0.010
0.010
0.010
0.010
0.010
0.010
0.011
0.010
0.010
0.010
0.010
0.010
0.011
0.010
0.011
0.010
0.010
0.011
0.010
0.010
0.010
0.010
0.010
0.010
0.010
0.011
0.011
0.010
0.010
0.010
0.010
0.010
0.010
0.010
0.010
0.010
0.010
0.010
0.010
0.011
0.010
0.010
0.010
0.011
0.010
0.010
0.011
0.010
0.011
0.010
0.010
0.010
0.010
0.010
0.010
0.010
0.010
0.010
0.010
0.011
0.010
0.010
0.010
0.010
