56.601858444
57.401789293
58.202064974
59.002246684
59.802365319
00.602673142
01.402831837
02.203171635
03.003411073
03.803810825
04.603993195
05.404289042
06.204629840
07.004711784
07.805229042
08.605581142
09.405835495
10.206071536
11.006415957
11.806689479
12.607291456
13.407278460
14.207732460
15.008162293
15.808514269
16.608805507
17.408920992
18.209398542
19.009768259
19.809967897
20.610398748
21.410432942
22.210851779
23.011114563
23.811458047
24.611589440
25.412113289
26.212472638
27.012695261
27.812956416
28.613399113
29.413770615
30.213879764
31.014106054
31.814401328
32.614513851
33.414647604
34.215005107
35.015155820
35.815448347
36.615987113
37.416320175
38.216420711
39.016674990
39.816985767
40.617414836
41.417350676
42.217677932
43.017924764
43.817980074
44.618140707
45.418260668
46.218446753
47.018613139
47.818773550
48.618929083
49.419238195
50.219704952
51.020033316
51.820004657
52.620285796
53.420592277
54.220876259
55.021393232
55.821279075
56.621577905
57.421951448
58.222317391
59.022551503
59.822856840
00.623349819
01.423504763
02.223936339
03.024320201
03.824371433
04.624794474
05.425203679
06.225523014
07.025779855
07.825809980
08.625994403
09.426483097
10.226618357
11.027006612
11.827224492
12.627674378
13.427899197
14.228026053
15.028521815
15.828834848
16.629186899
17.429512252
18.229820245
19.030231321
19.830333251
20.630628460
21.431041567
22.231300151
23.031688694
23.832076493
24.632019315
25.432556722
26.232839092
27.033172190
27.833329026
28.633618326
29.433901449
30.234221256
31.034590168
31.834718201
32.635095967
33.435457775
34.235507216
35.035890589
35.836374547
36.636563548
37.436692929
38.236860498
39.037398880
39.837762578
40.638019133
41.438291459
42.238466028
43.038640191
43.838834092
44.639012229
45.439602833
46.239712287
47.039945253
47.840214907
48.640307056
49.440738201
50.240914610
51.041123533
51.841356604
52.641625893
53.441885905
54.242229293
55.042462087
55.842729759
56.643172113
57.443427337
58.243693319
59.044026806
59.844532418
00.644648613
01.444977677
02.245207402
03.045504200
03.845663719
04.645928127
05.446227187
06.246371389
07.046641137
07.846951539
08.647024632
09.447409492
10.247565345
11.047931594
11.848198469
12.648535294
13.448841547
14.249082228
15.049170222
15.849519686
16.649787427
17.450078846
18.250415103
19.050807559
19.850929408
20.651406214
21.451750951
22.251797023
23.051896278
23.852170353
24.652375138
25.452790333
26.252920481
27.053104205
27.853505329
28.653568544
29.454055741
30.254493928
31.054815731
31.854947863
32.655219466
33.455756792
34.255933074
35.056232063
35.856814220
