01.012435
02.012733
03.013054
04.013317
05.013482
06.013719
07.013962
08.014168
09.014511
10.014769
11.014952
12.015231
13.015476
14.015881
15.016250
16.016577
17.016882
18.017212
19.017528
20.017827
21.018187
22.018485
23.018786
24.019157
25.019517
26.019871
27.020147
28.020432
29.020753
30.021106
31.021497
32.021832
33.022192
34.022562
35.022902
36.023253
37.023563
38.023889
39.024250
40.024618
41.024980
42.025297
43.025657
44.026000
45.026375
46.026755
47.027079
48.027392
49.027783
50.028101
51.028470
52.028834
53.029166
54.029517
55.029872
56.030237
57.030608
58.030934
59.031266
00.031547
01.031879
02.032254
03.032578
04.032915
05.033266
06.033599
07.033950
08.034222
09.034529
10.034879
11.035186
12.035467
13.035841
14.036204
15.036555
16.036910
17.037256
18.037595
19.037922
20.038254
21.038611
22.038963
23.039328
24.039764
25.040098
26.040481
27.040833
28.041188
29.041530
30.041848
31.042118
32.042378
33.042651
34.042976
35.043263
36.043552
37.043855
38.044182
39.044491
40.044744
