01.013149258
02.012983698
03.013421122
04.013485792
05.013724086
06.013880476
07.014167629
08.014441059
09.014849023
10.014922695
11.015119710
12.015649697
13.015784002
14.016285668
15.016679120
16.016951356
17.017239742
18.017644071
19.017916444
20.018263647
21.018577030
22.018753909
23.019167830
24.019545865
25.019959171
26.020299526
27.020300905
28.020771559
29.021098405
30.021576411
31.021888954
32.022165858
33.022569838
34.022919232
35.023258264
36.023624603
37.023886839
38.024231029
39.024723547
40.025024510
41.025383329
42.025666299
43.026033224
44.026462072
45.026775113
46.027154138
47.027351225
48.027838846
49.028162872
50.028532733
51.028861316
52.029251967
53.029568450
54.029934038
55.030308947
56.030586795
57.030987886
58.031223948
59.031609419
00.031799294
01.032264161
02.032621521
03.032863395
04.033252412
05.033589551
06.033911685
07.034269493
08.034385408
09.034894673
10.035258505
11.035583093
12.035961751
13.036193575
14.036615362
15.037037988
16.037297835
17.037585079
18.037974390
19.038284815
20.038646999
21.039038077
22.039344682
23.039656629
24.040127598
25.040451374
26.040836698
27.041136569
28.041551229
29.041810651
30.042218444
31.042384186
32.042684934
33.042956329
34.043297168
35.043483518
36.043992424
37.044085330
38.044535311
39.044747308
40.045100288
