35.694546
36.694817
37.695024
38.695248
39.695494
40.695754
41.695985
42.696185
43.696422
44.696654
45.696891
46.697101
47.697325
48.697528
49.697773
50.697994
51.698244
52.698452
53.698674
54.698837
55.699075
56.699303
57.699549
58.699773
59.700019
00.700219
01.700436
02.700673
03.700920
04.701132
05.701375
06.701601
07.701845
08.702095
09.702348
10.702556
11.702797
12.702969
13.703176
14.703396
15.703638
16.703834
17.704047
18.704270
19.704513
20.704763
21.705007
22.705210
23.705444
24.705642
25.705880
26.706087
27.706325
28.706528
29.706767
30.706969
31.707208
32.707412
33.707609
34.707792
35.707999
36.708212
37.708453
38.708668
39.708906
40.709120
41.709358
42.709561
43.709765
44.709972
45.710203
46.710385
47.710597
48.710824
49.711069
50.711323
51.711573
52.711824
53.712059
54.712310
55.712561
56.712813
57.713063
58.713312
59.713518
00.713712
01.713929
02.714117
03.714334
04.714569
05.714818
06.715067
07.715318
08.715567
09.715801
10.715998
11.716225
12.716475
13.716708
14.716950
15.717175
16.717416
17.717649
18.717894
19.718168
20.718423
21.718618
22.718855
23.719104
24.719325
25.719556
26.719807
27.720018
28.720264
29.720498
30.720746
31.720958
32.721191
33.721416
34.721620
35.721840
36.722083
37.722308
38.722554
39.722763
40.723006
41.723235
42.723479
43.723681
44.723920
45.724162
46.724379
47.724605
48.724851
49.725062
50.725306
51.725523
52.725767
53.725997
54.726247
55.726458
56.726697
57.726924
58.727131
59.727353
00.727551
01.727764
02.728004
03.728226
04.728430
05.728654
06.728902
07.729142
08.729388
09.729594
10.729780
11.729972
12.730215
13.730450
14.730686
15.730884
16.731121
17.731340
18.731584
19.731801
20.731977
21.732161
22.732394
23.732601
24.732838
25.733049
26.733287
27.733497
28.733727
29.733971
30.734219
31.734430
32.734645
33.734824
34.735061
35.735246
36.735484
37.735681
38.735959
39.736146
40.736366
41.736548
42.736792
43.736978
44.737209
45.737393
46.737631
47.737839
48.738083
49.738268
50.738507
51.738641
52.738860
53.739043
54.739281
55.739471
56.739795
57.740017
58.740239
59.740484
00.740689
01.740932
02.741188
03.741390
04.741619
05.741869
06.742113
07.742355
08.742599
09.742801
10.743012
11.743256
12.743504
13.743839
14.744094
15.744351
16.744587
17.744838
18.745034
19.745249
20.745492
21.745742
22.745998
23.746250
24.746481
25.746733
26.746982
27.747241
28.747488
29.747838
30.748099
31.748333
32.748583
33.748836
34.749090
35.749342
36.749589
37.749843
38.750096
39.750345
40.750548
41.750792
42.751013
43.751259
44.751495
45.751783
46.752031
47.752287
48.752492
49.752733
50.752921
51.753139
52.753338
53.753577
54.753803
55.754053
56.754288
57.754537
58.754765
59.754968
00.755171
01.755412
02.755662
03.755884
04.756076
05.756319
06.756541
07.756790
08.757031
09.757281
10.757481
11.757724
12.757942
13.758188
14.758420
15.758664
16.758907
17.759157
18.759386
19.759626
20.759845
21.760091
22.760314
23.760561
24.760772
25.761016
26.761246
27.761467
28.761674
29.761918
30.762137
31.762383
32.762594
33.762817
34.763038

