35.694898
36.694831
37.695036
38.695263
39.695512
40.695764
41.696001
42.696197
43.696441
44.696669
45.696907
46.697114
47.697341
48.697540
49.697791
50.698008
51.698262
52.698464
53.698690
54.698851
55.699094
56.699318
57.699570
58.699788
59.700037
00.700230
01.700451
02.700690
03.700941
04.701146
05.701393
06.701616
07.701866
08.702114
09.702368
10.702569
11.702815
12.702982
13.703197
14.703410
15.703659
16.703846
17.704063
18.704284
19.704532
20.704779
21.705026
22.705222
23.705460
24.705653
25.705899
26.706098
27.706344
28.706540
29.706786
30.706980
31.707226
32.707423
33.707621
34.707802
35.708017
36.708226
37.708472
38.708681
39.708926
40.709132
41.709376
42.709573
43.709778
44.709985
45.710220
46.710395
47.710612
48.710839
49.711089
50.711344
51.711591
52.711845
53.712079
54.712330
55.712581
56.712831
57.713081
58.713330
59.713537
00.713723
01.713945
02.714128
03.714349
04.714586
05.714838
06.715087
07.715336
08.715585
09.715818
10.716009
11.716243
12.716495
13.716723
14.716969
15.717189
16.717434
17.717664
18.717913
19.718188
20.718443
21.718629
22.718876
23.719126
24.719346
25.719572
26.719828
27.720033
28.720285
29.720515
30.720765
31.720971
32.721207
33.721431
34.721632
35.721855
36.722102
37.722322
38.722573
39.722776
40.723025
41.723250
42.723498
43.723694
44.723939
45.724178
46.724398
47.724619
48.724868
49.725075
50.725324
51.725536
52.725785
53.726012
54.726266
55.726471
56.726716
57.726938
58.727144
59.727368
00.727562
01.727778
02.728020
03.728240
04.728443
05.728669
06.728921
07.729158
08.729405
09.729607
10.729790
11.729984
12.730231
13.730466
14.730702
15.730895
16.731139
17.731354
18.731603
19.731812
20.731995
21.732169
22.732411
23.732613
24.732855
25.733061
26.733304
27.733509
28.733743
29.733987
30.734237
31.734443
32.734659
33.734834
34.735078
35.735255
36.735502
37.735691
38.735977
39.736155
40.736383
41.736557
42.736810
43.736987
44.737226
45.737402
46.737649
47.737853
48.738101
49.738278
50.738526
51.738649
52.738877
53.739053
54.739302
55.739480
56.739815
57.740036
58.740253
59.740503
00.740700
01.740951
02.741204
03.741405
04.741634
05.741888
06.742128
07.742375
08.742615
09.742817
10.743025
11.743276
12.743521
13.743859
14.744115
15.744371
16.744602
17.744858
18.745049
19.745268
20.745508
21.745762
22.746016
23.746269
24.746497
25.746753
26.747003
27.747261
28.747505
29.747858
30.748117
31.748349
32.748602
33.748856
34.749107
35.749360
36.749606
37.749861
38.750113
39.750363
40.750560
41.750810
42.751026
43.751276
44.751510
45.751797
46.752048
47.752306
48.752503
49.752750
50.752930
51.753153
52.753349
53.753596
54.753817
55.754072
56.754303
57.754557
58.754780
59.754987
00.755183
01.755429
02.755693
03.755896
04.756088
05.756338
06.756556
07.756808
08.757046
09.757299
10.757492
11.757742
12.757955
13.758207
14.758435
15.758683
16.758923
17.759176
18.759400
19.759645
20.759859
21.760110
22.760327
23.760579
24.760784
25.761033
26.761261
27.761482
28.761686
29.761938
30.762149
31.762400
32.762606
33.762832
34.763052

